time	V(clk)	V(clkb)	V(ind)	V(outq)
0.000000000000000e+00	0.000000e+00	5.000000e+00	0.000000e+00	2.732717e+00
3.906249931451836e-16	1.953125e-05	4.999980e+00	0.000000e+00	2.732717e+00
3.906249931451838e-15	1.953125e-04	4.999805e+00	0.000000e+00	2.732717e+00
7.421874869758492e-15	3.710937e-04	4.999629e+00	0.000000e+00	2.732717e+00
1.093749980806514e-14	5.468750e-04	4.999453e+00	0.000000e+00	2.732717e+00
1.445312474637180e-14	7.226562e-04	4.999277e+00	0.000000e+00	2.732717e+00
1.796874968467845e-14	8.984375e-04	4.999102e+00	0.000000e+00	2.732717e+00
2.148437462298510e-14	1.074219e-03	4.998926e+00	0.000000e+00	2.732717e+00
2.499999956129175e-14	1.250000e-03	4.998750e+00	0.000000e+00	2.732717e+00
4.999999912258350e-14	2.500000e-03	4.997500e+00	0.000000e+00	2.732717e+00
9.999999824516700e-14	5.000000e-03	4.995000e+00	0.000000e+00	2.732716e+00
1.999999964903340e-13	1.000000e-02	4.990000e+00	0.000000e+00	2.732714e+00
3.999999929806680e-13	2.000000e-02	4.980000e+00	0.000000e+00	2.732710e+00
7.999999859613360e-13	4.000000e-02	4.960000e+00	0.000000e+00	2.732701e+00
1.599999971922672e-12	8.000000e-02	4.920000e+00	0.000000e+00	2.732687e+00
3.199999943845344e-12	1.600000e-01	4.840000e+00	0.000000e+00	2.732669e+00
6.399999887690688e-12	3.200000e-01	4.680000e+00	0.000000e+00	2.732667e+00
1.279999977538138e-11	6.400000e-01	4.360000e+00	0.000000e+00	2.732793e+00
2.559999955076275e-11	1.280000e+00	3.720000e+00	0.000000e+00	2.733566e+00
4.374164089624539e-11	2.187082e+00	2.812918e+00	0.000000e+00	2.731359e+00
6.337010041239930e-11	3.168505e+00	1.831495e+00	0.000000e+00	2.698874e+00
8.385690350324966e-11	4.192845e+00	8.071548e-01	0.000000e+00	2.602860e+00
1.000000000000000e-10	5.000000e+00	0.000000e+00	0.000000e+00	2.466098e+00
1.016143096496751e-10	5.000000e+00	0.000000e+00	0.000000e+00	2.448511e+00
1.048429289490251e-10	5.000000e+00	0.000000e+00	0.000000e+00	2.411826e+00
1.113001675477253e-10	5.000000e+00	0.000000e+00	0.000000e+00	2.330062e+00
1.242146447451255e-10	5.000000e+00	0.000000e+00	0.000000e+00	2.139721e+00
1.500435991399261e-10	5.000000e+00	0.000000e+00	0.000000e+00	1.691037e+00
1.837293483294528e-10	5.000000e+00	0.000000e+00	0.000000e+00	1.090540e+00
2.161764209649088e-10	5.000000e+00	0.000000e+00	0.000000e+00	6.302160e-01
2.514839214382869e-10	5.000000e+00	0.000000e+00	0.000000e+00	3.104530e-01
2.905464214382869e-10	5.000000e+00	0.000000e+00	0.000000e+00	1.308063e-01
3.296089214382869e-10	5.000000e+00	0.000000e+00	0.000000e+00	5.563495e-02
3.686714214382869e-10	5.000000e+00	0.000000e+00	0.000000e+00	2.561127e-02
4.077339214382868e-10	5.000000e+00	0.000000e+00	0.000000e+00	1.323520e-02
4.467964214382868e-10	5.000000e+00	0.000000e+00	0.000000e+00	7.775643e-03
4.858589214382868e-10	5.000000e+00	0.000000e+00	0.000000e+00	5.028339e-03
5.249214214382869e-10	5.000000e+00	0.000000e+00	0.000000e+00	3.513841e-03
5.639839214382869e-10	5.000000e+00	0.000000e+00	0.000000e+00	2.519147e-03
6.030464214382869e-10	5.000000e+00	0.000000e+00	0.000000e+00	1.873048e-03
6.421089214382870e-10	5.000000e+00	0.000000e+00	0.000000e+00	1.376204e-03
6.811714214382870e-10	5.000000e+00	0.000000e+00	0.000000e+00	1.045836e-03
7.202339214382871e-10	5.000000e+00	0.000000e+00	0.000000e+00	7.679151e-04
7.592964214382871e-10	5.000000e+00	0.000000e+00	0.000000e+00	5.924465e-04
7.983589214382871e-10	5.000000e+00	0.000000e+00	0.000000e+00	4.299273e-04
8.374214214382872e-10	5.000000e+00	0.000000e+00	0.000000e+00	3.381223e-04
8.764839214382872e-10	5.000000e+00	0.000000e+00	0.000000e+00	2.399053e-04
9.155464214382873e-10	5.000000e+00	0.000000e+00	0.000000e+00	1.944343e-04
9.546089214382872e-10	5.000000e+00	0.000000e+00	0.000000e+00	1.327767e-04
9.936714214382872e-10	5.000000e+00	0.000000e+00	0.000000e+00	1.130071e-04
1.032733921438287e-09	5.000000e+00	0.000000e+00	0.000000e+00	7.236483e-05
1.071796421438287e-09	5.000000e+00	0.000000e+00	0.000000e+00	6.672521e-05
1.110858921438287e-09	5.000000e+00	0.000000e+00	0.000000e+00	3.835054e-05
1.149921421438287e-09	5.000000e+00	0.000000e+00	0.000000e+00	4.033929e-05
1.188983921438287e-09	5.000000e+00	0.000000e+00	0.000000e+00	1.927139e-05
1.228046421438287e-09	5.000000e+00	0.000000e+00	0.000000e+00	2.557322e-05
1.267108921438288e-09	5.000000e+00	0.000000e+00	0.000000e+00	9.101303e-06
1.306171421438288e-09	5.000000e+00	0.000000e+00	0.000000e+00	1.688162e-05
1.345233921438288e-09	5.000000e+00	0.000000e+00	0.000000e+00	3.141975e-06
1.384296421438288e-09	5.000000e+00	0.000000e+00	0.000000e+00	1.167620e-05
1.423358921438288e-09	5.000000e+00	0.000000e+00	0.000000e+00	-1.228461e-07
1.462421421438288e-09	5.000000e+00	0.000000e+00	0.000000e+00	8.558917e-06
1.501483921438288e-09	5.000000e+00	0.000000e+00	0.000000e+00	-1.830356e-06
1.540546421438288e-09	5.000000e+00	0.000000e+00	0.000000e+00	6.686635e-06
1.579608921438288e-09	5.000000e+00	0.000000e+00	0.000000e+00	-2.642974e-06
1.618671421438288e-09	5.000000e+00	0.000000e+00	0.000000e+00	5.483116e-06
1.657733921438288e-09	5.000000e+00	0.000000e+00	0.000000e+00	-2.968975e-06
1.696796421438288e-09	5.000000e+00	0.000000e+00	0.000000e+00	4.595428e-06
1.735858921438288e-09	5.000000e+00	0.000000e+00	0.000000e+00	-3.114363e-06
1.774921421438288e-09	5.000000e+00	0.000000e+00	0.000000e+00	3.972947e-06
1.813983921438288e-09	5.000000e+00	0.000000e+00	0.000000e+00	-3.025901e-06
1.853046421438288e-09	5.000000e+00	0.000000e+00	0.000000e+00	3.506149e-06
1.892108921438288e-09	5.000000e+00	0.000000e+00	0.000000e+00	-2.851660e-06
1.931171421438288e-09	5.000000e+00	0.000000e+00	0.000000e+00	3.161043e-06
1.970233921438288e-09	5.000000e+00	0.000000e+00	0.000000e+00	-2.582963e-06
2.000000000000000e-09	5.000000e+00	0.000000e+00	0.000000e+00	2.777541e-06
2.002976607856171e-09	5.000000e+00	0.000000e+00	1.488304e-01	3.372465e-05
2.008929823568513e-09	5.000000e+00	0.000000e+00	4.464912e-01	1.732622e-04
2.020836254993198e-09	5.000000e+00	0.000000e+00	1.041813e+00	7.166596e-04
2.039263056577665e-09	5.000000e+00	0.000000e+00	1.963153e+00	1.223135e-03
2.064026111503293e-09	5.000000e+00	0.000000e+00	3.201306e+00	-3.480149e-04
2.087294612194017e-09	5.000000e+00	0.000000e+00	4.364731e+00	-5.267764e-03
2.100000000000000e-09	5.000000e+00	0.000000e+00	5.000000e+00	-9.619108e-03
2.101270538780599e-09	5.000000e+00	0.000000e+00	5.000000e+00	-1.013011e-02
2.103811616341795e-09	5.000000e+00	0.000000e+00	5.000000e+00	-1.117100e-02
2.108893771464188e-09	5.000000e+00	0.000000e+00	5.000000e+00	-1.328235e-02
2.119058081708975e-09	5.000000e+00	0.000000e+00	5.000000e+00	-1.838772e-02
2.134813739937633e-09	5.000000e+00	0.000000e+00	5.000000e+00	-2.821477e-02
2.166325056394949e-09	5.000000e+00	0.000000e+00	5.000000e+00	-1.947883e-02
2.205387556394949e-09	5.000000e+00	0.000000e+00	5.000000e+00	1.472339e-01
2.244450056394950e-09	5.000000e+00	0.000000e+00	5.000000e+00	5.270103e-01
2.283512556394950e-09	5.000000e+00	0.000000e+00	5.000000e+00	1.195685e+00
2.322575056394950e-09	5.000000e+00	0.000000e+00	5.000000e+00	2.204236e+00
2.361637556394950e-09	5.000000e+00	0.000000e+00	5.000000e+00	3.355304e+00
2.391531800062109e-09	5.000000e+00	0.000000e+00	5.000000e+00	4.080816e+00
2.425077149587806e-09	5.000000e+00	0.000000e+00	5.000000e+00	4.562303e+00
2.462076296639424e-09	5.000000e+00	0.000000e+00	5.000000e+00	4.792583e+00
2.488123856927686e-09	5.000000e+00	0.000000e+00	5.000000e+00	4.857062e+00
2.519811466719850e-09	5.000000e+00	0.000000e+00	5.000000e+00	4.911116e+00
2.550253718612078e-09	5.000000e+00	0.000000e+00	5.000000e+00	4.947590e+00
2.582053127823496e-09	5.000000e+00	0.000000e+00	5.000000e+00	4.970949e+00
2.616069787426903e-09	5.000000e+00	0.000000e+00	5.000000e+00	4.984560e+00
2.655132287426903e-09	5.000000e+00	0.000000e+00	5.000000e+00	4.992167e+00
2.694194787426903e-09	5.000000e+00	0.000000e+00	5.000000e+00	4.995678e+00
2.733257287426903e-09	5.000000e+00	0.000000e+00	5.000000e+00	4.997379e+00
2.772319787426903e-09	5.000000e+00	0.000000e+00	5.000000e+00	4.998326e+00
2.811382287426903e-09	5.000000e+00	0.000000e+00	5.000000e+00	4.998867e+00
2.850444787426903e-09	5.000000e+00	0.000000e+00	5.000000e+00	4.999237e+00
2.889507287426903e-09	5.000000e+00	0.000000e+00	5.000000e+00	4.999459e+00
2.928569787426903e-09	5.000000e+00	0.000000e+00	5.000000e+00	4.999635e+00
2.967632287426903e-09	5.000000e+00	0.000000e+00	5.000000e+00	4.999733e+00
3.006694787426903e-09	5.000000e+00	0.000000e+00	5.000000e+00	4.999825e+00
3.045757287426903e-09	5.000000e+00	0.000000e+00	5.000000e+00	4.999866e+00
3.084819787426903e-09	5.000000e+00	0.000000e+00	5.000000e+00	4.999917e+00
3.123882287426903e-09	5.000000e+00	0.000000e+00	5.000000e+00	4.999931e+00
3.162944787426903e-09	5.000000e+00	0.000000e+00	5.000000e+00	4.999962e+00
3.202007287426903e-09	5.000000e+00	0.000000e+00	5.000000e+00	4.999963e+00
3.241069787426903e-09	5.000000e+00	0.000000e+00	5.000000e+00	4.999984e+00
3.280132287426903e-09	5.000000e+00	0.000000e+00	5.000000e+00	4.999979e+00
3.319194787426903e-09	5.000000e+00	0.000000e+00	5.000000e+00	4.999995e+00
3.358257287426903e-09	5.000000e+00	0.000000e+00	5.000000e+00	4.999987e+00
3.397319787426903e-09	5.000000e+00	0.000000e+00	5.000000e+00	5.000000e+00
3.436382287426903e-09	5.000000e+00	0.000000e+00	5.000000e+00	4.999990e+00
3.475444787426904e-09	5.000000e+00	0.000000e+00	5.000000e+00	5.000003e+00
3.514507287426904e-09	5.000000e+00	0.000000e+00	5.000000e+00	4.999993e+00
3.553569787426904e-09	5.000000e+00	0.000000e+00	5.000000e+00	5.000004e+00
3.592632287426904e-09	5.000000e+00	0.000000e+00	5.000000e+00	4.999994e+00
3.631694787426904e-09	5.000000e+00	0.000000e+00	5.000000e+00	5.000005e+00
3.670757287426904e-09	5.000000e+00	0.000000e+00	5.000000e+00	4.999994e+00
3.709819787426904e-09	5.000000e+00	0.000000e+00	5.000000e+00	5.000005e+00
3.748882287426903e-09	5.000000e+00	0.000000e+00	5.000000e+00	4.999995e+00
3.787944787426903e-09	5.000000e+00	0.000000e+00	5.000000e+00	5.000005e+00
3.827007287426903e-09	5.000000e+00	0.000000e+00	5.000000e+00	4.999995e+00
3.866069787426902e-09	5.000000e+00	0.000000e+00	5.000000e+00	5.000005e+00
3.905132287426902e-09	5.000000e+00	0.000000e+00	5.000000e+00	4.999995e+00
3.944194787426902e-09	5.000000e+00	0.000000e+00	5.000000e+00	5.000005e+00
3.983257287426901e-09	5.000000e+00	0.000000e+00	5.000000e+00	4.999995e+00
4.022319787426901e-09	5.000000e+00	0.000000e+00	5.000000e+00	5.000005e+00
4.061382287426900e-09	5.000000e+00	0.000000e+00	5.000000e+00	4.999995e+00
4.100000000000000e-09	5.000000e+00	0.000000e+00	5.000000e+00	5.000005e+00
4.103062113967586e-09	5.000000e+00	0.000000e+00	4.846894e+00	4.999920e+00
4.109186341902758e-09	5.000000e+00	0.000000e+00	4.540683e+00	4.999625e+00
4.121434797773100e-09	5.000000e+00	0.000000e+00	3.928260e+00	4.998693e+00
4.136704687414155e-09	5.000000e+00	0.000000e+00	3.164766e+00	4.998625e+00
4.157311997034826e-09	5.000000e+00	0.000000e+00	2.134400e+00	5.003374e+00
4.182552908336016e-09	5.000000e+00	0.000000e+00	8.723546e-01	5.019265e+00
4.200000000000000e-09	5.000000e+00	0.000000e+00	0.000000e+00	5.036281e+00
4.201744709166399e-09	5.000000e+00	0.000000e+00	0.000000e+00	5.038210e+00
4.205234127499196e-09	5.000000e+00	0.000000e+00	0.000000e+00	5.042330e+00
4.212212964164790e-09	5.000000e+00	0.000000e+00	0.000000e+00	5.051824e+00
4.225469557538552e-09	5.000000e+00	0.000000e+00	0.000000e+00	5.058424e+00
4.251982744286079e-09	5.000000e+00	0.000000e+00	0.000000e+00	4.997173e+00
4.283593147277710e-09	5.000000e+00	0.000000e+00	0.000000e+00	4.821668e+00
4.322655647277710e-09	5.000000e+00	0.000000e+00	0.000000e+00	4.477964e+00
4.361718147277710e-09	5.000000e+00	0.000000e+00	0.000000e+00	3.949786e+00
4.400780647277709e-09	5.000000e+00	0.000000e+00	0.000000e+00	3.211703e+00
4.439843147277709e-09	5.000000e+00	0.000000e+00	0.000000e+00	2.324306e+00
4.474794873901647e-09	5.000000e+00	0.000000e+00	0.000000e+00	1.489272e+00
4.510078837554972e-09	5.000000e+00	0.000000e+00	0.000000e+00	8.152528e-01
4.542739864341701e-09	5.000000e+00	0.000000e+00	0.000000e+00	4.485959e-01
4.572848735175373e-09	5.000000e+00	0.000000e+00	0.000000e+00	2.627032e-01
4.604376492806614e-09	5.000000e+00	0.000000e+00	0.000000e+00	1.433212e-01
4.643438992806613e-09	5.000000e+00	0.000000e+00	0.000000e+00	6.409659e-02
4.682501492806613e-09	5.000000e+00	0.000000e+00	0.000000e+00	2.863793e-02
4.721563992806612e-09	5.000000e+00	0.000000e+00	0.000000e+00	1.364678e-02
4.760626492806612e-09	5.000000e+00	0.000000e+00	0.000000e+00	7.175595e-03
4.799688992806612e-09	5.000000e+00	0.000000e+00	0.000000e+00	4.284334e-03
4.838751492806611e-09	5.000000e+00	0.000000e+00	0.000000e+00	2.769220e-03
4.877813992806611e-09	5.000000e+00	0.000000e+00	0.000000e+00	1.960789e-03
4.916876492806611e-09	5.000000e+00	0.000000e+00	0.000000e+00	1.389165e-03
4.955938992806610e-09	5.000000e+00	0.000000e+00	0.000000e+00	1.052993e-03
4.995001492806610e-09	5.000000e+00	0.000000e+00	0.000000e+00	7.563473e-04
5.034063992806609e-09	5.000000e+00	0.000000e+00	0.000000e+00	5.931354e-04
5.073126492806609e-09	5.000000e+00	0.000000e+00	0.000000e+00	4.187852e-04
5.100000000000000e-09	5.000000e+00	0.000000e+00	0.000000e+00	3.704957e-04
5.101491272665650e-09	4.925436e+00	7.456363e-02	0.000000e+00	4.447277e-04
5.104473817996950e-09	4.776309e+00	2.236909e-01	0.000000e+00	6.137998e-04
5.110438908659550e-09	4.478055e+00	5.219454e-01	0.000000e+00	9.441277e-04
5.122369089984748e-09	3.881546e+00	1.118454e+00	0.000000e+00	5.352341e-04
5.141261828799368e-09	2.936908e+00	2.063092e+00	0.000000e+00	-9.565718e-04
5.168045342270708e-09	1.597733e+00	3.402267e+00	0.000000e+00	-1.286419e-03
5.197231075571117e-09	1.384462e-01	4.861554e+00	0.000000e+00	-2.123706e-03
5.200000000000000e-09	0.000000e+00	5.000000e+00	0.000000e+00	-2.318779e-03
5.200276892442889e-09	0.000000e+00	5.000000e+00	0.000000e+00	-2.294633e-03
5.200830677328666e-09	0.000000e+00	5.000000e+00	0.000000e+00	-2.212685e-03
5.201938247100219e-09	0.000000e+00	5.000000e+00	0.000000e+00	-2.012038e-03
5.204153386643326e-09	0.000000e+00	5.000000e+00	0.000000e+00	-1.659020e-03
5.208583665729539e-09	0.000000e+00	5.000000e+00	0.000000e+00	-1.055069e-03
5.217444223901967e-09	0.000000e+00	5.000000e+00	0.000000e+00	-2.095298e-04
5.235165340246822e-09	0.000000e+00	5.000000e+00	0.000000e+00	6.226823e-04
5.270607572936531e-09	0.000000e+00	5.000000e+00	0.000000e+00	8.778174e-04
5.309670072936530e-09	0.000000e+00	5.000000e+00	0.000000e+00	6.397386e-04
5.348732572936530e-09	0.000000e+00	5.000000e+00	0.000000e+00	4.562741e-04
5.387795072936530e-09	0.000000e+00	5.000000e+00	0.000000e+00	3.379554e-04
5.426857572936529e-09	0.000000e+00	5.000000e+00	0.000000e+00	2.503189e-04
5.465920072936529e-09	0.000000e+00	5.000000e+00	0.000000e+00	1.902342e-04
5.504982572936529e-09	0.000000e+00	5.000000e+00	0.000000e+00	1.413899e-04
5.544045072936528e-09	0.000000e+00	5.000000e+00	0.000000e+00	1.087516e-04
5.583107572936528e-09	0.000000e+00	5.000000e+00	0.000000e+00	8.015271e-05
5.622170072936528e-09	0.000000e+00	5.000000e+00	0.000000e+00	6.252954e-05
5.661232572936527e-09	0.000000e+00	5.000000e+00	0.000000e+00	4.530135e-05
5.700295072936527e-09	0.000000e+00	5.000000e+00	0.000000e+00	3.616109e-05
5.739357572936526e-09	0.000000e+00	5.000000e+00	0.000000e+00	2.542248e-05
5.778420072936526e-09	0.000000e+00	5.000000e+00	0.000000e+00	2.109789e-05
5.817482572936526e-09	0.000000e+00	5.000000e+00	0.000000e+00	1.408217e-05
5.856545072936525e-09	0.000000e+00	5.000000e+00	0.000000e+00	1.248677e-05
5.895607572936525e-09	0.000000e+00	5.000000e+00	0.000000e+00	7.616105e-06
5.934670072936525e-09	0.000000e+00	5.000000e+00	0.000000e+00	7.559794e-06
5.973732572936524e-09	0.000000e+00	5.000000e+00	0.000000e+00	3.933067e-06
6.000000000000001e-09	0.000000e+00	5.000000e+00	5.684342e-14	5.092435e-06
6.002626742706348e-09	0.000000e+00	5.000000e+00	1.313371e-01	4.192208e-06
6.007880228119044e-09	0.000000e+00	5.000000e+00	3.940114e-01	3.965969e-06
6.018387198944434e-09	0.000000e+00	5.000000e+00	9.193599e-01	3.659531e-06
6.037736151987817e-09	0.000000e+00	5.000000e+00	1.886808e+00	2.945214e-06
6.067855796825904e-09	0.000000e+00	5.000000e+00	3.392790e+00	2.339033e-06
6.091796292208492e-09	0.000000e+00	5.000000e+00	4.589815e+00	1.656834e-06
6.100000000000001e-09	0.000000e+00	5.000000e+00	5.000000e+00	1.609546e-06
6.100820370779152e-09	0.000000e+00	5.000000e+00	5.000000e+00	1.487852e-06
6.102461112337454e-09	0.000000e+00	5.000000e+00	5.000000e+00	1.439063e-06
6.105742595454058e-09	0.000000e+00	5.000000e+00	5.000000e+00	1.494744e-06
6.112305561687265e-09	0.000000e+00	5.000000e+00	5.000000e+00	1.483988e-06
6.125431494153679e-09	0.000000e+00	5.000000e+00	5.000000e+00	1.528597e-06
6.151683359086508e-09	0.000000e+00	5.000000e+00	5.000000e+00	1.496310e-06
6.174190422695943e-09	0.000000e+00	5.000000e+00	5.000000e+00	1.647208e-06
6.202355391030297e-09	0.000000e+00	5.000000e+00	5.000000e+00	1.444076e-06
6.232200094918007e-09	0.000000e+00	5.000000e+00	5.000000e+00	1.110033e-06
6.264752349733063e-09	0.000000e+00	5.000000e+00	5.000000e+00	7.209031e-07
6.298114019197616e-09	0.000000e+00	5.000000e+00	5.000000e+00	5.267507e-07
6.337176519197615e-09	0.000000e+00	5.000000e+00	5.000000e+00	3.172471e-07
6.376239019197615e-09	0.000000e+00	5.000000e+00	5.000000e+00	2.587835e-07
6.415301519197615e-09	0.000000e+00	5.000000e+00	5.000000e+00	1.553297e-07
6.454364019197614e-09	0.000000e+00	5.000000e+00	5.000000e+00	1.516997e-07
6.493426519197614e-09	0.000000e+00	5.000000e+00	5.000000e+00	8.190385e-08
6.532489019197614e-09	0.000000e+00	5.000000e+00	5.000000e+00	9.734936e-08
6.571551519197613e-09	0.000000e+00	5.000000e+00	5.000000e+00	4.279469e-08
6.610614019197613e-09	0.000000e+00	5.000000e+00	5.000000e+00	6.787716e-08
6.649676519197612e-09	0.000000e+00	5.000000e+00	5.000000e+00	2.225545e-08
6.688739019197612e-09	0.000000e+00	5.000000e+00	5.000000e+00	5.053352e-08
6.727801519197612e-09	0.000000e+00	5.000000e+00	5.000000e+00	9.657096e-09
6.766864019197611e-09	0.000000e+00	5.000000e+00	5.000000e+00	4.005869e-08
6.805926519197611e-09	0.000000e+00	5.000000e+00	5.000000e+00	3.256651e-09
6.844989019197611e-09	0.000000e+00	5.000000e+00	5.000000e+00	3.414380e-08
6.884051519197610e-09	0.000000e+00	5.000000e+00	5.000000e+00	-3.067043e-10
6.923114019197610e-09	0.000000e+00	5.000000e+00	5.000000e+00	3.044320e-08
6.962176519197609e-09	0.000000e+00	5.000000e+00	5.000000e+00	-2.181082e-09
7.001239019197609e-09	0.000000e+00	5.000000e+00	5.000000e+00	2.810391e-08
7.040301519197609e-09	0.000000e+00	5.000000e+00	5.000000e+00	-3.083365e-09
7.079364019197608e-09	0.000000e+00	5.000000e+00	5.000000e+00	2.652335e-08
7.118426519197608e-09	0.000000e+00	5.000000e+00	5.000000e+00	-3.417639e-09
7.157489019197608e-09	0.000000e+00	5.000000e+00	5.000000e+00	2.539221e-08
7.196551519197607e-09	0.000000e+00	5.000000e+00	5.000000e+00	-3.408091e-09
7.235614019197607e-09	0.000000e+00	5.000000e+00	5.000000e+00	2.453702e-08
7.274676519197606e-09	0.000000e+00	5.000000e+00	5.000000e+00	-3.207303e-09
7.313739019197606e-09	0.000000e+00	5.000000e+00	5.000000e+00	2.383999e-08
7.352801519197606e-09	0.000000e+00	5.000000e+00	5.000000e+00	-2.905825e-09
7.391864019197605e-09	0.000000e+00	5.000000e+00	5.000000e+00	2.323881e-08
7.430926519197605e-09	0.000000e+00	5.000000e+00	5.000000e+00	-2.553080e-09
7.469989019197605e-09	0.000000e+00	5.000000e+00	5.000000e+00	2.269844e-08
7.509051519197604e-09	0.000000e+00	5.000000e+00	5.000000e+00	-2.176761e-09
7.548114019197604e-09	0.000000e+00	5.000000e+00	5.000000e+00	2.219878e-08
7.587176519197603e-09	0.000000e+00	5.000000e+00	5.000000e+00	-1.792412e-09
7.626239019197603e-09	0.000000e+00	5.000000e+00	5.000000e+00	2.172824e-08
7.665301519197603e-09	0.000000e+00	5.000000e+00	5.000000e+00	-1.408732e-09
7.704364019197602e-09	0.000000e+00	5.000000e+00	5.000000e+00	2.127990e-08
7.743426519197602e-09	0.000000e+00	5.000000e+00	5.000000e+00	-1.030548e-09
7.782489019197602e-09	0.000000e+00	5.000000e+00	5.000000e+00	2.084977e-08
7.821551519197601e-09	0.000000e+00	5.000000e+00	5.000000e+00	-6.603548e-10
7.860614019197601e-09	0.000000e+00	5.000000e+00	5.000000e+00	2.043532e-08
7.899676519197600e-09	0.000000e+00	5.000000e+00	5.000000e+00	-2.994607e-10
7.938739019197600e-09	0.000000e+00	5.000000e+00	5.000000e+00	2.003499e-08
7.977801519197600e-09	0.000000e+00	5.000000e+00	5.000000e+00	5.157591e-11
8.016864019197599e-09	0.000000e+00	5.000000e+00	5.000000e+00	1.964910e-08
8.055926519197599e-09	0.000000e+00	5.000000e+00	5.000000e+00	3.930067e-10
8.094989019197599e-09	0.000000e+00	5.000000e+00	5.000000e+00	1.928365e-08
8.100000000000001e-09	0.000000e+00	5.000000e+00	5.000000e+00	1.634993e-09
8.100501098080242e-09	0.000000e+00	5.000000e+00	4.974945e+00	-8.258406e-08
8.101503294240723e-09	0.000000e+00	5.000000e+00	4.924835e+00	-1.428797e-07
8.103507686561685e-09	0.000000e+00	5.000000e+00	4.824615e+00	-9.604094e-08
8.107516471203606e-09	0.000000e+00	5.000000e+00	4.624177e+00	-9.156420e-08
8.115534040487450e-09	0.000000e+00	5.000000e+00	4.223298e+00	-4.838856e-08
8.127860268252006e-09	0.000000e+00	5.000000e+00	3.606987e+00	1.154052e-07
8.142905750300395e-09	0.000000e+00	5.000000e+00	2.854712e+00	3.230536e-07
8.159782562500773e-09	0.000000e+00	5.000000e+00	2.010872e+00	3.353373e-07
8.183984612543073e-09	0.000000e+00	5.000000e+00	8.007694e-01	7.381243e-07
8.200000000000001e-09	0.000000e+00	5.000000e+00	0.000000e+00	5.353855e-07
8.201601538745694e-09	0.000000e+00	5.000000e+00	0.000000e+00	6.302881e-07
8.204804616237079e-09	0.000000e+00	5.000000e+00	0.000000e+00	5.404626e-07
8.211210771219850e-09	0.000000e+00	5.000000e+00	0.000000e+00	1.833892e-07
8.222961444883508e-09	0.000000e+00	5.000000e+00	0.000000e+00	-2.621102e-07
8.246462792210822e-09	0.000000e+00	5.000000e+00	0.000000e+00	-6.747800e-07
8.268342592236695e-09	0.000000e+00	5.000000e+00	0.000000e+00	-5.435963e-07
8.295567320769329e-09	0.000000e+00	5.000000e+00	0.000000e+00	-3.499564e-07
8.328014437399069e-09	0.000000e+00	5.000000e+00	0.000000e+00	-9.193087e-08
8.364768358516690e-09	0.000000e+00	5.000000e+00	0.000000e+00	-3.878784e-09
8.403830858516690e-09	0.000000e+00	5.000000e+00	0.000000e+00	7.547068e-08
8.442893358516689e-09	0.000000e+00	5.000000e+00	0.000000e+00	4.619773e-08
8.481955858516689e-09	0.000000e+00	5.000000e+00	0.000000e+00	7.281744e-08
8.521018358516689e-09	0.000000e+00	5.000000e+00	0.000000e+00	3.074461e-08
8.560080858516688e-09	0.000000e+00	5.000000e+00	0.000000e+00	5.488436e-08
8.599143358516688e-09	0.000000e+00	5.000000e+00	0.000000e+00	1.725720e-08
8.638205858516688e-09	0.000000e+00	5.000000e+00	0.000000e+00	4.196243e-08
8.677268358516687e-09	0.000000e+00	5.000000e+00	0.000000e+00	8.588039e-09
8.716330858516687e-09	0.000000e+00	5.000000e+00	0.000000e+00	3.406948e-08
8.755393358516686e-09	0.000000e+00	5.000000e+00	0.000000e+00	3.747102e-09
8.794455858516686e-09	0.000000e+00	5.000000e+00	0.000000e+00	2.889881e-08
8.833518358516686e-09	0.000000e+00	5.000000e+00	0.000000e+00	1.317698e-09
8.872580858516685e-09	0.000000e+00	5.000000e+00	0.000000e+00	2.583115e-08
8.911643358516685e-09	0.000000e+00	5.000000e+00	0.000000e+00	2.023541e-10
8.950705858516685e-09	0.000000e+00	5.000000e+00	0.000000e+00	2.378813e-08
8.989768358516684e-09	0.000000e+00	5.000000e+00	0.000000e+00	-2.018362e-10
9.028830858516684e-09	0.000000e+00	5.000000e+00	0.000000e+00	2.235095e-08
9.067893358516683e-09	0.000000e+00	5.000000e+00	0.000000e+00	-2.059246e-10
9.106955858516683e-09	0.000000e+00	5.000000e+00	0.000000e+00	2.127180e-08
9.146018358516683e-09	0.000000e+00	5.000000e+00	0.000000e+00	5.820011e-12
9.185080858516682e-09	0.000000e+00	5.000000e+00	0.000000e+00	2.041091e-08
9.224143358516682e-09	0.000000e+00	5.000000e+00	0.000000e+00	3.304050e-10
9.263205858516682e-09	0.000000e+00	5.000000e+00	0.000000e+00	1.969877e-08
9.302268358516681e-09	0.000000e+00	5.000000e+00	0.000000e+00	7.179307e-10
9.341330858516681e-09	0.000000e+00	5.000000e+00	0.000000e+00	1.908273e-08
9.380393358516680e-09	0.000000e+00	5.000000e+00	0.000000e+00	1.130444e-09
9.419455858516680e-09	0.000000e+00	5.000000e+00	0.000000e+00	1.853278e-08
9.458518358516680e-09	0.000000e+00	5.000000e+00	0.000000e+00	1.547163e-09
9.497580858516679e-09	0.000000e+00	5.000000e+00	0.000000e+00	1.803131e-08
9.536643358516679e-09	0.000000e+00	5.000000e+00	0.000000e+00	1.956723e-09
9.575705858516679e-09	0.000000e+00	5.000000e+00	0.000000e+00	1.756747e-08
9.614768358516678e-09	0.000000e+00	5.000000e+00	0.000000e+00	2.353054e-09
9.653830858516678e-09	0.000000e+00	5.000000e+00	0.000000e+00	1.713456e-08
9.692893358516677e-09	0.000000e+00	5.000000e+00	0.000000e+00	2.733271e-09
9.731955858516677e-09	0.000000e+00	5.000000e+00	0.000000e+00	1.672828e-08
9.771018358516677e-09	0.000000e+00	5.000000e+00	0.000000e+00	3.096184e-09
9.810080858516676e-09	0.000000e+00	5.000000e+00	0.000000e+00	1.634557e-08
9.849143358516676e-09	0.000000e+00	5.000000e+00	0.000000e+00	3.439947e-09
9.888205858516676e-09	0.000000e+00	5.000000e+00	0.000000e+00	1.598437e-08
9.927268358516675e-09	0.000000e+00	5.000000e+00	0.000000e+00	3.766462e-09
9.966330858516675e-09	0.000000e+00	5.000000e+00	0.000000e+00	1.564319e-08
1.000000000000000e-08	0.000000e+00	5.000000e+00	0.000000e+00	4.093091e-09
1.000151124849734e-08	7.556242e-02	4.924438e+00	7.556242e-02	3.153992e-04
1.000453374549201e-08	2.266873e-01	4.773313e+00	2.266873e-01	9.706023e-04
1.001057873948137e-08	5.289370e-01	4.471063e+00	5.289370e-01	2.053640e-03
1.002266872746008e-08	1.133436e+00	3.866564e+00	1.133436e+00	2.967783e-03
1.003939024206539e-08	1.969512e+00	3.030488e+00	1.969512e+00	2.968995e-03
1.006052159207188e-08	3.026080e+00	1.973920e+00	3.026080e+00	1.659513e-03
1.008571772306697e-08	4.285886e+00	7.141138e-01	4.285886e+00	-3.880644e-03
1.010000000000000e-08	5.000000e+00	3.907985e-14	5.000000e+00	-1.160988e-02
1.010142822769330e-08	5.000000e+00	0.000000e+00	5.000000e+00	-1.233615e-02
1.010428468307991e-08	5.000000e+00	0.000000e+00	5.000000e+00	-1.370244e-02
1.010999759385312e-08	5.000000e+00	0.000000e+00	5.000000e+00	-1.655143e-02
1.012142341539954e-08	5.000000e+00	0.000000e+00	5.000000e+00	-2.321160e-02
1.014384407348069e-08	5.000000e+00	0.000000e+00	5.000000e+00	-3.715759e-02
1.018290657348069e-08	5.000000e+00	0.000000e+00	5.000000e+00	3.340098e-02
1.022196907348069e-08	5.000000e+00	0.000000e+00	5.000000e+00	3.079478e-01
1.026103157348069e-08	5.000000e+00	0.000000e+00	5.000000e+00	8.189987e-01
1.030009407348069e-08	5.000000e+00	0.000000e+00	5.000000e+00	1.659791e+00
1.033915657348069e-08	5.000000e+00	0.000000e+00	5.000000e+00	2.783101e+00
1.037245969951599e-08	5.000000e+00	0.000000e+00	5.000000e+00	3.721143e+00
1.040922837106696e-08	5.000000e+00	0.000000e+00	5.000000e+00	4.413706e+00
1.044297518270467e-08	5.000000e+00	0.000000e+00	5.000000e+00	4.718519e+00
1.047246479994899e-08	5.000000e+00	0.000000e+00	5.000000e+00	4.828290e+00
1.049702383433451e-08	5.000000e+00	0.000000e+00	5.000000e+00	4.878129e+00
1.052505931746583e-08	5.000000e+00	0.000000e+00	5.000000e+00	4.921848e+00
1.055307621353735e-08	5.000000e+00	0.000000e+00	5.000000e+00	4.952269e+00
1.058611373254629e-08	5.000000e+00	0.000000e+00	5.000000e+00	4.974298e+00
1.062209162078112e-08	5.000000e+00	0.000000e+00	5.000000e+00	4.986702e+00
1.066115412078112e-08	5.000000e+00	0.000000e+00	5.000000e+00	4.993222e+00
1.070021662078112e-08	5.000000e+00	0.000000e+00	5.000000e+00	4.996107e+00
1.073927912078112e-08	5.000000e+00	0.000000e+00	5.000000e+00	4.997685e+00
1.077834162078112e-08	5.000000e+00	0.000000e+00	5.000000e+00	4.998424e+00
1.081740412078112e-08	5.000000e+00	0.000000e+00	5.000000e+00	4.999011e+00
1.085646662078112e-08	5.000000e+00	0.000000e+00	5.000000e+00	4.999249e+00
1.089552912078112e-08	5.000000e+00	0.000000e+00	5.000000e+00	4.999550e+00
1.093459162078112e-08	5.000000e+00	0.000000e+00	5.000000e+00	4.999616e+00
1.097365412078112e-08	5.000000e+00	0.000000e+00	5.000000e+00	4.999801e+00
1.101271662078112e-08	5.000000e+00	0.000000e+00	5.000000e+00	4.999792e+00
1.105177912078112e-08	5.000000e+00	0.000000e+00	5.000000e+00	4.999922e+00
1.109084162078112e-08	5.000000e+00	0.000000e+00	5.000000e+00	4.999878e+00
1.112990412078112e-08	5.000000e+00	0.000000e+00	5.000000e+00	4.999981e+00
1.116896662078112e-08	5.000000e+00	0.000000e+00	5.000000e+00	4.999921e+00
1.120802912078112e-08	5.000000e+00	0.000000e+00	5.000000e+00	5.000009e+00
1.124709162078112e-08	5.000000e+00	0.000000e+00	5.000000e+00	4.999943e+00
1.128615412078112e-08	5.000000e+00	0.000000e+00	5.000000e+00	5.000022e+00
1.132521662078112e-08	5.000000e+00	0.000000e+00	5.000000e+00	4.999953e+00
1.136427912078112e-08	5.000000e+00	0.000000e+00	5.000000e+00	5.000029e+00
1.140334162078112e-08	5.000000e+00	0.000000e+00	5.000000e+00	4.999960e+00
1.144240412078112e-08	5.000000e+00	0.000000e+00	5.000000e+00	5.000031e+00
1.148146662078112e-08	5.000000e+00	0.000000e+00	5.000000e+00	4.999963e+00
1.152052912078112e-08	5.000000e+00	0.000000e+00	5.000000e+00	5.000032e+00
1.155959162078112e-08	5.000000e+00	0.000000e+00	5.000000e+00	4.999965e+00
1.159865412078112e-08	5.000000e+00	0.000000e+00	5.000000e+00	5.000032e+00
1.163771662078111e-08	5.000000e+00	0.000000e+00	5.000000e+00	4.999967e+00
1.167677912078111e-08	5.000000e+00	0.000000e+00	5.000000e+00	5.000032e+00
1.171584162078111e-08	5.000000e+00	0.000000e+00	5.000000e+00	4.999968e+00
1.175490412078111e-08	5.000000e+00	0.000000e+00	5.000000e+00	5.000031e+00
1.179396662078111e-08	5.000000e+00	0.000000e+00	5.000000e+00	4.999969e+00
1.183302912078111e-08	5.000000e+00	0.000000e+00	5.000000e+00	5.000031e+00
1.187209162078111e-08	5.000000e+00	0.000000e+00	5.000000e+00	4.999970e+00
1.191115412078111e-08	5.000000e+00	0.000000e+00	5.000000e+00	5.000030e+00
1.195021662078111e-08	5.000000e+00	0.000000e+00	5.000000e+00	4.999971e+00
1.198927912078111e-08	5.000000e+00	0.000000e+00	5.000000e+00	5.000029e+00
1.202834162078111e-08	5.000000e+00	0.000000e+00	5.000000e+00	4.999971e+00
1.206740412078111e-08	5.000000e+00	0.000000e+00	5.000000e+00	5.000028e+00
1.210000000000000e-08	5.000000e+00	0.000000e+00	5.000000e+00	4.999972e+00
1.210325958792189e-08	5.000000e+00	0.000000e+00	4.837020e+00	4.999909e+00
1.210977876376567e-08	5.000000e+00	0.000000e+00	4.511062e+00	4.999585e+00
1.212281711545322e-08	5.000000e+00	0.000000e+00	3.859144e+00	4.998619e+00
1.213729620991324e-08	5.000000e+00	0.000000e+00	3.135190e+00	4.998674e+00
1.215679802035632e-08	5.000000e+00	0.000000e+00	2.160099e+00	5.003201e+00
1.218427451297021e-08	5.000000e+00	0.000000e+00	7.862744e-01	5.020741e+00
1.220000000000000e-08	5.000000e+00	0.000000e+00	1.012523e-13	5.036252e+00
1.220157254870298e-08	5.000000e+00	0.000000e+00	0.000000e+00	5.037987e+00
1.220471764610894e-08	5.000000e+00	0.000000e+00	0.000000e+00	5.041661e+00
1.221100784092085e-08	5.000000e+00	0.000000e+00	0.000000e+00	5.050184e+00
1.222299834207089e-08	5.000000e+00	0.000000e+00	0.000000e+00	5.058938e+00
1.224697934437097e-08	5.000000e+00	0.000000e+00	0.000000e+00	5.015682e+00
1.227764790741247e-08	5.000000e+00	0.000000e+00	0.000000e+00	4.861265e+00
1.231671040741247e-08	5.000000e+00	0.000000e+00	0.000000e+00	4.540467e+00
1.235577290741247e-08	5.000000e+00	0.000000e+00	0.000000e+00	4.041556e+00
1.239483540741247e-08	5.000000e+00	0.000000e+00	0.000000e+00	3.334076e+00
1.243389790741247e-08	5.000000e+00	0.000000e+00	0.000000e+00	2.463306e+00
1.246806946166727e-08	5.000000e+00	0.000000e+00	0.000000e+00	1.642384e+00
1.250303272190815e-08	5.000000e+00	0.000000e+00	0.000000e+00	9.280947e-01
1.253636438173123e-08	5.000000e+00	0.000000e+00	0.000000e+00	5.003010e-01
1.256694521258389e-08	5.000000e+00	0.000000e+00	0.000000e+00	2.919817e-01
1.259997225329715e-08	5.000000e+00	0.000000e+00	0.000000e+00	1.559617e-01
1.263903475329715e-08	5.000000e+00	0.000000e+00	0.000000e+00	6.983821e-02
1.267809725329715e-08	5.000000e+00	0.000000e+00	0.000000e+00	3.119971e-02
1.271715975329715e-08	5.000000e+00	0.000000e+00	0.000000e+00	1.462891e-02
1.275622225329715e-08	5.000000e+00	0.000000e+00	0.000000e+00	7.705857e-03
1.279528475329715e-08	5.000000e+00	0.000000e+00	0.000000e+00	4.440159e-03
1.283434725329715e-08	5.000000e+00	0.000000e+00	0.000000e+00	2.954046e-03
1.287340975329715e-08	5.000000e+00	0.000000e+00	0.000000e+00	1.970832e-03
1.291247225329715e-08	5.000000e+00	0.000000e+00	0.000000e+00	1.499765e-03
1.295153475329715e-08	5.000000e+00	0.000000e+00	0.000000e+00	1.027336e-03
1.299059725329715e-08	5.000000e+00	0.000000e+00	0.000000e+00	8.402654e-04
1.302965975329715e-08	5.000000e+00	0.000000e+00	0.000000e+00	5.543854e-04
1.306872225329715e-08	5.000000e+00	0.000000e+00	0.000000e+00	4.887328e-04
1.310778475329715e-08	5.000000e+00	0.000000e+00	0.000000e+00	2.958619e-04
1.314684725329715e-08	5.000000e+00	0.000000e+00	0.000000e+00	2.922649e-04
1.318590975329715e-08	5.000000e+00	0.000000e+00	0.000000e+00	1.514680e-04
1.322497225329714e-08	5.000000e+00	0.000000e+00	0.000000e+00	1.808858e-04
1.326403475329714e-08	5.000000e+00	0.000000e+00	0.000000e+00	7.059518e-05
1.330309725329714e-08	5.000000e+00	0.000000e+00	0.000000e+00	1.172751e-04
1.334215975329714e-08	5.000000e+00	0.000000e+00	0.000000e+00	2.544307e-05
1.338122225329714e-08	5.000000e+00	0.000000e+00	0.000000e+00	8.064057e-05
1.342028475329714e-08	5.000000e+00	0.000000e+00	0.000000e+00	4.809466e-07
1.345934725329714e-08	5.000000e+00	0.000000e+00	0.000000e+00	6.016485e-05
1.349840975329714e-08	5.000000e+00	0.000000e+00	0.000000e+00	-1.196394e-05
1.353747225329714e-08	5.000000e+00	0.000000e+00	0.000000e+00	4.809598e-05
1.357653475329714e-08	5.000000e+00	0.000000e+00	0.000000e+00	-1.910520e-05
1.361559725329714e-08	5.000000e+00	0.000000e+00	0.000000e+00	4.047064e-05
1.365465975329714e-08	5.000000e+00	0.000000e+00	0.000000e+00	-2.272098e-05
1.369372225329714e-08	5.000000e+00	0.000000e+00	0.000000e+00	3.566765e-05
1.373278475329714e-08	5.000000e+00	0.000000e+00	0.000000e+00	-2.425567e-05
1.377184725329714e-08	5.000000e+00	0.000000e+00	0.000000e+00	3.240335e-05
1.381090975329714e-08	5.000000e+00	0.000000e+00	0.000000e+00	-2.472934e-05
1.384997225329714e-08	5.000000e+00	0.000000e+00	0.000000e+00	3.010435e-05
1.388903475329714e-08	5.000000e+00	0.000000e+00	0.000000e+00	-2.451433e-05
1.392809725329714e-08	5.000000e+00	0.000000e+00	0.000000e+00	2.835286e-05
1.396715975329714e-08	5.000000e+00	0.000000e+00	0.000000e+00	-2.398285e-05
1.400000000000000e-08	5.000000e+00	0.000000e+00	0.000000e+00	2.690571e-05
1.400328402467029e-08	5.000000e+00	0.000000e+00	1.642012e-01	4.388434e-05
1.400985207401086e-08	5.000000e+00	0.000000e+00	4.926037e-01	2.087808e-04
1.402298817269200e-08	5.000000e+00	0.000000e+00	1.149409e+00	8.132399e-04
1.404095464197847e-08	5.000000e+00	0.000000e+00	2.047732e+00	1.200437e-03
1.406420933074079e-08	5.000000e+00	0.000000e+00	3.210467e+00	-3.899260e-04
1.408702278604889e-08	5.000000e+00	0.000000e+00	4.351139e+00	-5.202522e-03
1.410000000000000e-08	5.000000e+00	0.000000e+00	5.000000e+00	-9.630945e-03
1.410129772139511e-08	5.000000e+00	0.000000e+00	5.000000e+00	-1.015385e-02
1.410389316418534e-08	5.000000e+00	0.000000e+00	5.000000e+00	-1.121773e-02
1.410908404976578e-08	5.000000e+00	0.000000e+00	5.000000e+00	-1.337804e-02
1.411946582092667e-08	5.000000e+00	0.000000e+00	5.000000e+00	-1.863118e-02
1.413509830347497e-08	5.000000e+00	0.000000e+00	5.000000e+00	-2.842292e-02
1.416636326857156e-08	5.000000e+00	0.000000e+00	5.000000e+00	-1.961444e-02
1.420542576857156e-08	5.000000e+00	0.000000e+00	5.000000e+00	1.475928e-01
1.424448826857156e-08	5.000000e+00	0.000000e+00	5.000000e+00	5.277225e-01
1.428355076857156e-08	5.000000e+00	0.000000e+00	5.000000e+00	1.196866e+00
1.432261326857156e-08	5.000000e+00	0.000000e+00	5.000000e+00	2.205845e+00
1.436167576857156e-08	5.000000e+00	0.000000e+00	5.000000e+00	3.356837e+00
1.439157490297393e-08	5.000000e+00	0.000000e+00	5.000000e+00	4.081957e+00
1.442512465520519e-08	5.000000e+00	0.000000e+00	5.000000e+00	4.562931e+00
1.446212799780640e-08	5.000000e+00	0.000000e+00	5.000000e+00	4.792826e+00
1.448817377682465e-08	5.000000e+00	0.000000e+00	5.000000e+00	4.857198e+00
1.451984031911991e-08	5.000000e+00	0.000000e+00	5.000000e+00	4.911185e+00
1.455033203082124e-08	5.000000e+00	0.000000e+00	5.000000e+00	4.947681e+00
1.458219967618312e-08	5.000000e+00	0.000000e+00	5.000000e+00	4.971042e+00
1.461621468599559e-08	5.000000e+00	0.000000e+00	5.000000e+00	4.984605e+00
1.465527718599559e-08	5.000000e+00	0.000000e+00	5.000000e+00	4.992189e+00
1.469433968599559e-08	5.000000e+00	0.000000e+00	5.000000e+00	4.995687e+00
1.473340218599559e-08	5.000000e+00	0.000000e+00	5.000000e+00	4.997385e+00
1.477246468599559e-08	5.000000e+00	0.000000e+00	5.000000e+00	4.998328e+00
1.481152718599559e-08	5.000000e+00	0.000000e+00	5.000000e+00	4.998869e+00
1.485058968599559e-08	5.000000e+00	0.000000e+00	5.000000e+00	4.999237e+00
1.488965218599559e-08	5.000000e+00	0.000000e+00	5.000000e+00	4.999461e+00
1.492871468599559e-08	5.000000e+00	0.000000e+00	5.000000e+00	4.999635e+00
1.496777718599559e-08	5.000000e+00	0.000000e+00	5.000000e+00	4.999734e+00
1.500683968599559e-08	5.000000e+00	0.000000e+00	5.000000e+00	4.999824e+00
1.504590218599559e-08	5.000000e+00	0.000000e+00	5.000000e+00	4.999867e+00
1.508496468599559e-08	5.000000e+00	0.000000e+00	5.000000e+00	4.999917e+00
1.510000000000000e-08	5.000000e+00	0.000000e+00	5.000000e+00	4.999917e+00
1.510150353140044e-08	4.924823e+00	7.517657e-02	5.000000e+00	4.999707e+00
1.510451059420132e-08	4.774470e+00	2.255297e-01	5.000000e+00	4.999263e+00
1.511052471980309e-08	4.473764e+00	5.262360e-01	5.000000e+00	4.998499e+00
1.512255297100661e-08	3.872351e+00	1.127649e+00	5.000000e+00	4.998937e+00
1.513887217468895e-08	3.056391e+00	1.943609e+00	5.000000e+00	5.000202e+00
1.516313311309251e-08	1.843344e+00	3.156656e+00	5.000000e+00	5.000803e+00
1.519569354068454e-08	2.153230e-01	4.784677e+00	5.000000e+00	5.002225e+00
1.520000000000000e-08	0.000000e+00	5.000000e+00	5.000000e+00	5.002729e+00
1.520043064593154e-08	0.000000e+00	5.000000e+00	5.000000e+00	5.002706e+00
1.520129193779464e-08	0.000000e+00	5.000000e+00	5.000000e+00	5.002604e+00
1.520301452152082e-08	0.000000e+00	5.000000e+00	5.000000e+00	5.002372e+00
1.520645968897319e-08	0.000000e+00	5.000000e+00	5.000000e+00	5.001980e+00
1.521335002387793e-08	0.000000e+00	5.000000e+00	5.000000e+00	5.001316e+00
1.522713069368740e-08	0.000000e+00	5.000000e+00	5.000000e+00	5.000444e+00
1.525469203330635e-08	0.000000e+00	5.000000e+00	5.000000e+00	4.999665e+00
1.529375453330635e-08	0.000000e+00	5.000000e+00	5.000000e+00	4.999476e+00
1.533281703330634e-08	0.000000e+00	5.000000e+00	5.000000e+00	4.999553e+00
1.537187953330634e-08	0.000000e+00	5.000000e+00	5.000000e+00	4.999671e+00
1.541094203330634e-08	0.000000e+00	5.000000e+00	5.000000e+00	4.999757e+00
1.545000453330634e-08	0.000000e+00	5.000000e+00	5.000000e+00	4.999832e+00
1.548906703330634e-08	0.000000e+00	5.000000e+00	5.000000e+00	4.999876e+00
1.552812953330634e-08	0.000000e+00	5.000000e+00	5.000000e+00	4.999917e+00
1.556719203330634e-08	0.000000e+00	5.000000e+00	5.000000e+00	4.999936e+00
1.560625453330634e-08	0.000000e+00	5.000000e+00	5.000000e+00	4.999959e+00
1.564531703330634e-08	0.000000e+00	5.000000e+00	5.000000e+00	4.999966e+00
1.568437953330634e-08	0.000000e+00	5.000000e+00	5.000000e+00	4.999981e+00
1.572344203330634e-08	0.000000e+00	5.000000e+00	5.000000e+00	4.999981e+00
1.576250453330634e-08	0.000000e+00	5.000000e+00	5.000000e+00	4.999992e+00
1.580156703330634e-08	0.000000e+00	5.000000e+00	5.000000e+00	4.999989e+00
1.584062953330634e-08	0.000000e+00	5.000000e+00	5.000000e+00	4.999997e+00
1.587969203330634e-08	0.000000e+00	5.000000e+00	5.000000e+00	4.999993e+00
1.591875453330634e-08	0.000000e+00	5.000000e+00	5.000000e+00	5.000000e+00
1.595781703330634e-08	0.000000e+00	5.000000e+00	5.000000e+00	4.999995e+00
1.599687953330634e-08	0.000000e+00	5.000000e+00	5.000000e+00	5.000001e+00
1.603594203330634e-08	0.000000e+00	5.000000e+00	5.000000e+00	4.999996e+00
1.607500453330634e-08	0.000000e+00	5.000000e+00	5.000000e+00	5.000002e+00
1.610000000000000e-08	0.000000e+00	5.000000e+00	5.000000e+00	4.999997e+00
1.610249954666937e-08	0.000000e+00	5.000000e+00	4.875023e+00	4.999999e+00
1.610749864000810e-08	0.000000e+00	5.000000e+00	4.625068e+00	4.999999e+00
1.611749682668557e-08	0.000000e+00	5.000000e+00	4.125159e+00	4.999999e+00
1.613749320004050e-08	0.000000e+00	5.000000e+00	3.125340e+00	5.000000e+00
1.615771682035519e-08	0.000000e+00	5.000000e+00	2.114159e+00	5.000000e+00
1.618039324981476e-08	0.000000e+00	5.000000e+00	9.803375e-01	5.000000e+00
1.620000000000000e-08	0.000000e+00	5.000000e+00	0.000000e+00	5.000000e+00
1.620196067501853e-08	0.000000e+00	5.000000e+00	0.000000e+00	5.000000e+00
1.620588202505558e-08	0.000000e+00	5.000000e+00	0.000000e+00	5.000000e+00
1.621372472512967e-08	0.000000e+00	5.000000e+00	0.000000e+00	5.000000e+00
1.622881065016915e-08	0.000000e+00	5.000000e+00	0.000000e+00	4.999999e+00
1.625190005398097e-08	0.000000e+00	5.000000e+00	0.000000e+00	4.999999e+00
1.627936078152385e-08	0.000000e+00	5.000000e+00	0.000000e+00	5.000000e+00
1.630956706996744e-08	0.000000e+00	5.000000e+00	0.000000e+00	5.000000e+00
1.634257528389350e-08	0.000000e+00	5.000000e+00	0.000000e+00	5.000000e+00
1.638163778389350e-08	0.000000e+00	5.000000e+00	0.000000e+00	5.000000e+00
1.642070028389350e-08	0.000000e+00	5.000000e+00	0.000000e+00	5.000000e+00
1.645976278389350e-08	0.000000e+00	5.000000e+00	0.000000e+00	5.000000e+00
1.649882528389350e-08	0.000000e+00	5.000000e+00	0.000000e+00	5.000000e+00
1.653788778389350e-08	0.000000e+00	5.000000e+00	0.000000e+00	5.000000e+00
1.657695028389350e-08	0.000000e+00	5.000000e+00	0.000000e+00	5.000000e+00
1.661601278389350e-08	0.000000e+00	5.000000e+00	0.000000e+00	5.000000e+00
1.665507528389350e-08	0.000000e+00	5.000000e+00	0.000000e+00	5.000000e+00
1.669413778389350e-08	0.000000e+00	5.000000e+00	0.000000e+00	5.000000e+00
1.673320028389350e-08	0.000000e+00	5.000000e+00	0.000000e+00	5.000000e+00
1.677226278389350e-08	0.000000e+00	5.000000e+00	0.000000e+00	5.000000e+00
1.681132528389350e-08	0.000000e+00	5.000000e+00	0.000000e+00	5.000000e+00
1.685038778389350e-08	0.000000e+00	5.000000e+00	0.000000e+00	5.000000e+00
1.688945028389350e-08	0.000000e+00	5.000000e+00	0.000000e+00	5.000000e+00
1.692851278389350e-08	0.000000e+00	5.000000e+00	0.000000e+00	5.000000e+00
1.696757528389350e-08	0.000000e+00	5.000000e+00	0.000000e+00	5.000000e+00
1.700663778389349e-08	0.000000e+00	5.000000e+00	0.000000e+00	5.000000e+00
1.704570028389349e-08	0.000000e+00	5.000000e+00	0.000000e+00	5.000000e+00
1.708476278389349e-08	0.000000e+00	5.000000e+00	0.000000e+00	5.000000e+00
1.712382528389349e-08	0.000000e+00	5.000000e+00	0.000000e+00	5.000000e+00
1.716288778389349e-08	0.000000e+00	5.000000e+00	0.000000e+00	5.000000e+00
1.720195028389349e-08	0.000000e+00	5.000000e+00	0.000000e+00	5.000000e+00
1.724101278389349e-08	0.000000e+00	5.000000e+00	0.000000e+00	5.000000e+00
1.728007528389349e-08	0.000000e+00	5.000000e+00	0.000000e+00	5.000000e+00
1.731913778389349e-08	0.000000e+00	5.000000e+00	0.000000e+00	5.000000e+00
1.735820028389349e-08	0.000000e+00	5.000000e+00	0.000000e+00	5.000000e+00
1.739726278389349e-08	0.000000e+00	5.000000e+00	0.000000e+00	5.000000e+00
1.743632528389349e-08	0.000000e+00	5.000000e+00	0.000000e+00	5.000000e+00
1.747538778389349e-08	0.000000e+00	5.000000e+00	0.000000e+00	5.000000e+00
1.751445028389349e-08	0.000000e+00	5.000000e+00	0.000000e+00	5.000000e+00
1.755351278389349e-08	0.000000e+00	5.000000e+00	0.000000e+00	5.000000e+00
1.759257528389349e-08	0.000000e+00	5.000000e+00	0.000000e+00	5.000000e+00
1.763163778389349e-08	0.000000e+00	5.000000e+00	0.000000e+00	5.000000e+00
1.767070028389349e-08	0.000000e+00	5.000000e+00	0.000000e+00	5.000000e+00
1.770976278389349e-08	0.000000e+00	5.000000e+00	0.000000e+00	5.000000e+00
1.774882528389349e-08	0.000000e+00	5.000000e+00	0.000000e+00	5.000000e+00
1.778788778389349e-08	0.000000e+00	5.000000e+00	0.000000e+00	5.000000e+00
1.782695028389349e-08	0.000000e+00	5.000000e+00	0.000000e+00	5.000000e+00
1.786601278389349e-08	0.000000e+00	5.000000e+00	0.000000e+00	5.000000e+00
1.790507528389349e-08	0.000000e+00	5.000000e+00	0.000000e+00	5.000000e+00
1.794413778389349e-08	0.000000e+00	5.000000e+00	0.000000e+00	5.000000e+00
1.798320028389349e-08	0.000000e+00	5.000000e+00	0.000000e+00	5.000000e+00
1.800000000000000e-08	0.000000e+00	5.000000e+00	0.000000e+00	5.000000e+00
1.800167997161065e-08	0.000000e+00	5.000000e+00	8.399858e-02	5.000000e+00
1.800503991483196e-08	0.000000e+00	5.000000e+00	2.519957e-01	5.000000e+00
1.801175980127456e-08	0.000000e+00	5.000000e+00	5.879900e-01	5.000000e+00
1.802519957415978e-08	0.000000e+00	5.000000e+00	1.259979e+00	5.000000e+00
1.804252052762805e-08	0.000000e+00	5.000000e+00	2.126026e+00	5.000000e+00
1.806332169470196e-08	0.000000e+00	5.000000e+00	3.166085e+00	5.000000e+00
1.808648307452042e-08	0.000000e+00	5.000000e+00	4.324154e+00	5.000000e+00
1.810000000000000e-08	0.000000e+00	5.000000e+00	5.000000e+00	5.000000e+00
1.810135169254796e-08	0.000000e+00	5.000000e+00	5.000000e+00	5.000000e+00
1.810405507764388e-08	0.000000e+00	5.000000e+00	5.000000e+00	5.000000e+00
1.810946184783571e-08	0.000000e+00	5.000000e+00	5.000000e+00	5.000000e+00
1.812027538821937e-08	0.000000e+00	5.000000e+00	5.000000e+00	5.000000e+00
1.814190246898670e-08	0.000000e+00	5.000000e+00	5.000000e+00	5.000000e+00
1.816475640285609e-08	0.000000e+00	5.000000e+00	5.000000e+00	5.000000e+00
1.819509781033298e-08	0.000000e+00	5.000000e+00	5.000000e+00	5.000000e+00
1.822476056319846e-08	0.000000e+00	5.000000e+00	5.000000e+00	5.000000e+00
1.825316894439900e-08	0.000000e+00	5.000000e+00	5.000000e+00	5.000000e+00
1.828590226390616e-08	0.000000e+00	5.000000e+00	5.000000e+00	5.000000e+00
1.832496476390616e-08	0.000000e+00	5.000000e+00	5.000000e+00	5.000000e+00
1.836402726390616e-08	0.000000e+00	5.000000e+00	5.000000e+00	5.000000e+00
1.840308976390616e-08	0.000000e+00	5.000000e+00	5.000000e+00	5.000000e+00
1.844215226390616e-08	0.000000e+00	5.000000e+00	5.000000e+00	5.000000e+00
1.848121476390616e-08	0.000000e+00	5.000000e+00	5.000000e+00	5.000000e+00
1.852027726390616e-08	0.000000e+00	5.000000e+00	5.000000e+00	5.000000e+00
1.855933976390616e-08	0.000000e+00	5.000000e+00	5.000000e+00	5.000000e+00
1.859840226390616e-08	0.000000e+00	5.000000e+00	5.000000e+00	5.000000e+00
1.863746476390616e-08	0.000000e+00	5.000000e+00	5.000000e+00	5.000000e+00
1.867652726390616e-08	0.000000e+00	5.000000e+00	5.000000e+00	5.000000e+00
1.871558976390616e-08	0.000000e+00	5.000000e+00	5.000000e+00	5.000000e+00
1.875465226390616e-08	0.000000e+00	5.000000e+00	5.000000e+00	5.000000e+00
1.879371476390616e-08	0.000000e+00	5.000000e+00	5.000000e+00	5.000000e+00
1.883277726390616e-08	0.000000e+00	5.000000e+00	5.000000e+00	5.000000e+00
1.887183976390616e-08	0.000000e+00	5.000000e+00	5.000000e+00	5.000000e+00
1.891090226390616e-08	0.000000e+00	5.000000e+00	5.000000e+00	5.000000e+00
1.894996476390616e-08	0.000000e+00	5.000000e+00	5.000000e+00	5.000000e+00
1.898902726390616e-08	0.000000e+00	5.000000e+00	5.000000e+00	5.000000e+00
1.902808976390615e-08	0.000000e+00	5.000000e+00	5.000000e+00	5.000000e+00
1.906715226390615e-08	0.000000e+00	5.000000e+00	5.000000e+00	5.000000e+00
1.910621476390615e-08	0.000000e+00	5.000000e+00	5.000000e+00	5.000000e+00
1.914527726390615e-08	0.000000e+00	5.000000e+00	5.000000e+00	5.000000e+00
1.918433976390615e-08	0.000000e+00	5.000000e+00	5.000000e+00	5.000000e+00
1.922340226390615e-08	0.000000e+00	5.000000e+00	5.000000e+00	5.000000e+00
1.926246476390615e-08	0.000000e+00	5.000000e+00	5.000000e+00	5.000000e+00
1.930152726390615e-08	0.000000e+00	5.000000e+00	5.000000e+00	5.000000e+00
1.934058976390615e-08	0.000000e+00	5.000000e+00	5.000000e+00	5.000000e+00
1.937965226390615e-08	0.000000e+00	5.000000e+00	5.000000e+00	5.000000e+00
1.941871476390615e-08	0.000000e+00	5.000000e+00	5.000000e+00	5.000000e+00
1.945777726390615e-08	0.000000e+00	5.000000e+00	5.000000e+00	5.000000e+00
1.949683976390615e-08	0.000000e+00	5.000000e+00	5.000000e+00	5.000000e+00
1.953590226390615e-08	0.000000e+00	5.000000e+00	5.000000e+00	5.000000e+00
1.957496476390615e-08	0.000000e+00	5.000000e+00	5.000000e+00	5.000000e+00
1.961402726390615e-08	0.000000e+00	5.000000e+00	5.000000e+00	5.000000e+00
1.965308976390615e-08	0.000000e+00	5.000000e+00	5.000000e+00	5.000000e+00
1.969215226390615e-08	0.000000e+00	5.000000e+00	5.000000e+00	5.000000e+00
1.973121476390615e-08	0.000000e+00	5.000000e+00	5.000000e+00	5.000000e+00
1.977027726390615e-08	0.000000e+00	5.000000e+00	5.000000e+00	5.000000e+00
1.980933976390615e-08	0.000000e+00	5.000000e+00	5.000000e+00	5.000000e+00
1.984840226390615e-08	0.000000e+00	5.000000e+00	5.000000e+00	5.000000e+00
1.988746476390615e-08	0.000000e+00	5.000000e+00	5.000000e+00	5.000000e+00
1.992652726390615e-08	0.000000e+00	5.000000e+00	5.000000e+00	5.000000e+00
1.996558976390615e-08	0.000000e+00	5.000000e+00	5.000000e+00	5.000000e+00
2.000000000000000e-08	0.000000e+00	5.000000e+00	5.000000e+00	5.000000e+00
2.000151124849734e-08	7.556242e-02	4.924438e+00	5.000000e+00	4.999693e+00
2.000453374549202e-08	2.266873e-01	4.773313e+00	5.000000e+00	4.999062e+00
2.001057873948137e-08	5.289370e-01	4.471063e+00	5.000000e+00	4.998005e+00
2.002266872746008e-08	1.133436e+00	3.866564e+00	5.000000e+00	4.997560e+00
2.003895260237142e-08	1.947630e+00	3.052370e+00	5.000000e+00	4.998309e+00
2.006301914219470e-08	3.150957e+00	1.849043e+00	5.000000e+00	4.999498e+00
2.009606173271925e-08	4.803087e+00	1.969134e-01	5.000000e+00	5.001868e+00
2.010000000000000e-08	5.000000e+00	0.000000e+00	5.000000e+00	5.002546e+00
2.010039382672808e-08	5.000000e+00	0.000000e+00	4.980309e+00	5.002570e+00
2.010118148018423e-08	5.000000e+00	0.000000e+00	4.940926e+00	5.002573e+00
2.010275678709653e-08	5.000000e+00	0.000000e+00	4.862161e+00	5.002503e+00
2.010590740092113e-08	5.000000e+00	0.000000e+00	4.704630e+00	5.002285e+00
2.011220862857034e-08	5.000000e+00	0.000000e+00	4.389569e+00	5.001602e+00
2.012481108386875e-08	5.000000e+00	0.000000e+00	3.759446e+00	5.000109e+00
2.013660802943434e-08	5.000000e+00	0.000000e+00	3.169599e+00	4.999721e+00
2.015294508313677e-08	5.000000e+00	0.000000e+00	2.352746e+00	5.002531e+00
2.018377602769510e-08	5.000000e+00	0.000000e+00	8.111986e-01	5.020736e+00
2.020000000000001e-08	5.000000e+00	0.000000e+00	0.000000e+00	5.036626e+00
2.020162239723050e-08	5.000000e+00	0.000000e+00	0.000000e+00	5.038424e+00
2.020486719169148e-08	5.000000e+00	0.000000e+00	0.000000e+00	5.042276e+00
2.021135678061344e-08	5.000000e+00	0.000000e+00	0.000000e+00	5.051116e+00
2.022306021868899e-08	5.000000e+00	0.000000e+00	0.000000e+00	5.058618e+00
2.024646709484011e-08	5.000000e+00	0.000000e+00	0.000000e+00	5.014720e+00
2.027711158421911e-08	5.000000e+00	0.000000e+00	0.000000e+00	4.860309e+00
2.031617408421911e-08	5.000000e+00	0.000000e+00	0.000000e+00	4.539371e+00
2.035523658421911e-08	5.000000e+00	0.000000e+00	0.000000e+00	4.040116e+00
2.039429908421911e-08	5.000000e+00	0.000000e+00	0.000000e+00	3.332207e+00
2.043336158421911e-08	5.000000e+00	0.000000e+00	0.000000e+00	2.461198e+00
2.046753907242224e-08	5.000000e+00	0.000000e+00	0.000000e+00	1.640164e+00
2.050250109319490e-08	5.000000e+00	0.000000e+00	0.000000e+00	9.265217e-01
2.053579834657180e-08	5.000000e+00	0.000000e+00	0.000000e+00	4.998192e-01
2.056636698127888e-08	5.000000e+00	0.000000e+00	0.000000e+00	2.917490e-01
2.059936689540421e-08	5.000000e+00	0.000000e+00	0.000000e+00	1.559080e-01
2.063842939540421e-08	5.000000e+00	0.000000e+00	0.000000e+00	6.981364e-02
2.067749189540421e-08	5.000000e+00	0.000000e+00	0.000000e+00	3.118819e-02
2.071655439540421e-08	5.000000e+00	0.000000e+00	0.000000e+00	1.462498e-02
2.075561689540421e-08	5.000000e+00	0.000000e+00	0.000000e+00	7.703263e-03
2.079467939540421e-08	5.000000e+00	0.000000e+00	0.000000e+00	4.439888e-03
2.083374189540421e-08	5.000000e+00	0.000000e+00	0.000000e+00	2.952940e-03
2.087280439540421e-08	5.000000e+00	0.000000e+00	0.000000e+00	1.971193e-03
2.091186689540421e-08	5.000000e+00	0.000000e+00	0.000000e+00	1.498942e-03
2.095092939540421e-08	5.000000e+00	0.000000e+00	0.000000e+00	1.027853e-03
2.098999189540421e-08	5.000000e+00	0.000000e+00	0.000000e+00	8.395298e-04
2.102905439540421e-08	5.000000e+00	0.000000e+00	0.000000e+00	5.549649e-04
2.106811689540421e-08	5.000000e+00	0.000000e+00	0.000000e+00	4.880353e-04
2.110717939540421e-08	5.000000e+00	0.000000e+00	0.000000e+00	2.964735e-04
2.114624189540421e-08	5.000000e+00	0.000000e+00	0.000000e+00	2.915873e-04
2.118530439540421e-08	5.000000e+00	0.000000e+00	0.000000e+00	1.520979e-04
2.122436689540421e-08	5.000000e+00	0.000000e+00	0.000000e+00	1.802190e-04
2.126342939540421e-08	5.000000e+00	0.000000e+00	0.000000e+00	7.123555e-05
2.130249189540421e-08	5.000000e+00	0.000000e+00	0.000000e+00	1.166142e-04
2.134155439540420e-08	5.000000e+00	0.000000e+00	0.000000e+00	2.608936e-05
2.138061689540420e-08	5.000000e+00	0.000000e+00	0.000000e+00	7.998296e-05
2.141967939540420e-08	5.000000e+00	0.000000e+00	0.000000e+00	1.130299e-06
2.145874189540420e-08	5.000000e+00	0.000000e+00	0.000000e+00	5.950005e-05
2.149780439540420e-08	5.000000e+00	0.000000e+00	0.000000e+00	-1.132532e-05
2.153686689540420e-08	5.000000e+00	0.000000e+00	0.000000e+00	4.741107e-05
2.157592939540420e-08	5.000000e+00	0.000000e+00	0.000000e+00	-1.847431e-05
2.161499189540420e-08	5.000000e+00	0.000000e+00	0.000000e+00	3.978321e-05
2.165405439540420e-08	5.000000e+00	0.000000e+00	0.000000e+00	-2.209215e-05
2.169311689540420e-08	5.000000e+00	0.000000e+00	0.000000e+00	3.498181e-05
2.173217939540420e-08	5.000000e+00	0.000000e+00	0.000000e+00	-2.362736e-05
2.177124189540420e-08	5.000000e+00	0.000000e+00	0.000000e+00	3.171854e-05
2.181030439540420e-08	5.000000e+00	0.000000e+00	0.000000e+00	-2.410465e-05
2.184936689540420e-08	5.000000e+00	0.000000e+00	0.000000e+00	2.942054e-05
2.188842939540420e-08	5.000000e+00	0.000000e+00	0.000000e+00	-2.389058e-05
2.192749189540420e-08	5.000000e+00	0.000000e+00	0.000000e+00	2.767257e-05
2.196655439540420e-08	5.000000e+00	0.000000e+00	0.000000e+00	-2.336014e-05
2.200000000000000e-08	5.000000e+00	0.000000e+00	0.000000e+00	2.622771e-05
2.200334456045958e-08	5.000000e+00	0.000000e+00	1.672280e-01	4.536405e-05
2.201003368137874e-08	5.000000e+00	0.000000e+00	5.016841e-01	2.158751e-04
2.202341192321706e-08	5.000000e+00	0.000000e+00	1.170596e+00	8.310821e-04
2.204133700000033e-08	5.000000e+00	0.000000e+00	2.066850e+00	1.193754e-03
2.206442457078274e-08	5.000000e+00	0.000000e+00	3.221229e+00	-4.215203e-04
2.208715228179453e-08	5.000000e+00	0.000000e+00	4.357614e+00	-5.239981e-03
2.210000000000000e-08	5.000000e+00	0.000000e+00	5.000000e+00	-9.629411e-03
2.210128477182055e-08	5.000000e+00	0.000000e+00	5.000000e+00	-1.014674e-02
2.210385431546164e-08	5.000000e+00	0.000000e+00	5.000000e+00	-1.119949e-02
2.210899340274383e-08	5.000000e+00	0.000000e+00	5.000000e+00	-1.333585e-02
2.211927157730820e-08	5.000000e+00	0.000000e+00	5.000000e+00	-1.851769e-02
2.213495772303365e-08	5.000000e+00	0.000000e+00	5.000000e+00	-2.832233e-02
2.216633001448453e-08	5.000000e+00	0.000000e+00	5.000000e+00	-1.958035e-02
2.220539251448453e-08	5.000000e+00	0.000000e+00	5.000000e+00	1.473139e-01
2.224445501448453e-08	5.000000e+00	0.000000e+00	5.000000e+00	5.271899e-01
2.228351751448453e-08	5.000000e+00	0.000000e+00	5.000000e+00	1.195986e+00
2.232258001448453e-08	5.000000e+00	0.000000e+00	5.000000e+00	2.204646e+00
2.236164251448453e-08	5.000000e+00	0.000000e+00	5.000000e+00	3.355695e+00
2.239153818456174e-08	5.000000e+00	0.000000e+00	5.000000e+00	4.081110e+00
2.242508481114335e-08	5.000000e+00	0.000000e+00	5.000000e+00	4.562467e+00
2.246208555546634e-08	5.000000e+00	0.000000e+00	5.000000e+00	4.792649e+00
2.248813273385567e-08	5.000000e+00	0.000000e+00	5.000000e+00	4.857099e+00
2.251981476307133e-08	5.000000e+00	0.000000e+00	5.000000e+00	4.911135e+00
2.255027011115236e-08	5.000000e+00	0.000000e+00	5.000000e+00	4.947614e+00
2.258208779782091e-08	5.000000e+00	0.000000e+00	5.000000e+00	4.970974e+00
2.261610402573927e-08	5.000000e+00	0.000000e+00	5.000000e+00	4.984572e+00
2.265516652573927e-08	5.000000e+00	0.000000e+00	5.000000e+00	4.992174e+00
2.269422902573926e-08	5.000000e+00	0.000000e+00	5.000000e+00	4.995680e+00
2.273329152573926e-08	5.000000e+00	0.000000e+00	5.000000e+00	4.997380e+00
2.277235402573926e-08	5.000000e+00	0.000000e+00	5.000000e+00	4.998326e+00
2.281141652573926e-08	5.000000e+00	0.000000e+00	5.000000e+00	4.998868e+00
2.285047902573926e-08	5.000000e+00	0.000000e+00	5.000000e+00	4.999237e+00
2.288954152573926e-08	5.000000e+00	0.000000e+00	5.000000e+00	4.999459e+00
2.292860402573926e-08	5.000000e+00	0.000000e+00	5.000000e+00	4.999635e+00
2.296766652573926e-08	5.000000e+00	0.000000e+00	5.000000e+00	4.999734e+00
2.300672902573926e-08	5.000000e+00	0.000000e+00	5.000000e+00	4.999825e+00
2.304579152573926e-08	5.000000e+00	0.000000e+00	5.000000e+00	4.999866e+00
2.308485402573926e-08	5.000000e+00	0.000000e+00	5.000000e+00	4.999917e+00
2.312391652573926e-08	5.000000e+00	0.000000e+00	5.000000e+00	4.999931e+00
2.316297902573926e-08	5.000000e+00	0.000000e+00	5.000000e+00	4.999962e+00
2.320204152573926e-08	5.000000e+00	0.000000e+00	5.000000e+00	4.999963e+00
2.324110402573926e-08	5.000000e+00	0.000000e+00	5.000000e+00	4.999984e+00
2.328016652573926e-08	5.000000e+00	0.000000e+00	5.000000e+00	4.999979e+00
2.331922902573926e-08	5.000000e+00	0.000000e+00	5.000000e+00	4.999994e+00
2.335829152573926e-08	5.000000e+00	0.000000e+00	5.000000e+00	4.999987e+00
2.339735402573926e-08	5.000000e+00	0.000000e+00	5.000000e+00	5.000000e+00
2.343641652573926e-08	5.000000e+00	0.000000e+00	5.000000e+00	4.999991e+00
2.347547902573926e-08	5.000000e+00	0.000000e+00	5.000000e+00	5.000003e+00
2.351454152573926e-08	5.000000e+00	0.000000e+00	5.000000e+00	4.999993e+00
2.355360402573926e-08	5.000000e+00	0.000000e+00	5.000000e+00	5.000004e+00
2.359266652573926e-08	5.000000e+00	0.000000e+00	5.000000e+00	4.999994e+00
2.363172902573926e-08	5.000000e+00	0.000000e+00	5.000000e+00	5.000004e+00
2.367079152573926e-08	5.000000e+00	0.000000e+00	5.000000e+00	4.999995e+00
2.370985402573926e-08	5.000000e+00	0.000000e+00	5.000000e+00	5.000005e+00
2.374891652573925e-08	5.000000e+00	0.000000e+00	5.000000e+00	4.999995e+00
2.378797902573925e-08	5.000000e+00	0.000000e+00	5.000000e+00	5.000005e+00
2.382704152573925e-08	5.000000e+00	0.000000e+00	5.000000e+00	4.999995e+00
2.386610402573925e-08	5.000000e+00	0.000000e+00	5.000000e+00	5.000004e+00
2.390516652573925e-08	5.000000e+00	0.000000e+00	5.000000e+00	4.999995e+00
2.394422902573925e-08	5.000000e+00	0.000000e+00	5.000000e+00	5.000004e+00
2.398329152573925e-08	5.000000e+00	0.000000e+00	5.000000e+00	4.999996e+00
2.402235402573925e-08	5.000000e+00	0.000000e+00	5.000000e+00	5.000004e+00
2.406141652573925e-08	5.000000e+00	0.000000e+00	5.000000e+00	4.999996e+00
2.410000000000000e-08	5.000000e+00	0.000000e+00	5.000000e+00	5.000004e+00
2.410306223078040e-08	5.000000e+00	0.000000e+00	4.846889e+00	4.999920e+00
2.410918669234120e-08	5.000000e+00	0.000000e+00	4.540665e+00	4.999625e+00
2.412143561546280e-08	5.000000e+00	0.000000e+00	3.928219e+00	4.998693e+00
2.413670503845308e-08	5.000000e+00	0.000000e+00	3.164748e+00	4.998625e+00
2.415731139585488e-08	5.000000e+00	0.000000e+00	2.134430e+00	5.003374e+00
2.418255370507835e-08	5.000000e+00	0.000000e+00	8.723148e-01	5.019265e+00
2.420000000000000e-08	5.000000e+00	0.000000e+00	0.000000e+00	5.036281e+00
2.420174462949217e-08	5.000000e+00	0.000000e+00	0.000000e+00	5.038210e+00
2.420523388847650e-08	5.000000e+00	0.000000e+00	0.000000e+00	5.042330e+00
2.421221240644516e-08	5.000000e+00	0.000000e+00	0.000000e+00	5.051823e+00
2.422546837380774e-08	5.000000e+00	0.000000e+00	0.000000e+00	5.058424e+00
2.425198030853290e-08	5.000000e+00	0.000000e+00	0.000000e+00	4.997182e+00
2.428359028595090e-08	5.000000e+00	0.000000e+00	0.000000e+00	4.821687e+00
2.432265278595090e-08	5.000000e+00	0.000000e+00	0.000000e+00	4.477994e+00
2.436171528595090e-08	5.000000e+00	0.000000e+00	0.000000e+00	3.949831e+00
2.440077778595090e-08	5.000000e+00	0.000000e+00	0.000000e+00	3.211762e+00
2.443984028595090e-08	5.000000e+00	0.000000e+00	0.000000e+00	2.324373e+00
2.447479143902023e-08	5.000000e+00	0.000000e+00	0.000000e+00	1.489348e+00
2.451007503235397e-08	5.000000e+00	0.000000e+00	0.000000e+00	8.153104e-01
2.454273619193557e-08	5.000000e+00	0.000000e+00	0.000000e+00	4.486241e-01
2.457284535649146e-08	5.000000e+00	0.000000e+00	0.000000e+00	2.627192e-01
2.460437361806194e-08	5.000000e+00	0.000000e+00	0.000000e+00	1.433291e-01
2.464343611806194e-08	5.000000e+00	0.000000e+00	0.000000e+00	6.410019e-02
2.468249861806194e-08	5.000000e+00	0.000000e+00	0.000000e+00	2.863953e-02
2.472156111806194e-08	5.000000e+00	0.000000e+00	0.000000e+00	1.364740e-02
2.476062361806194e-08	5.000000e+00	0.000000e+00	0.000000e+00	7.175923e-03
2.479968611806194e-08	5.000000e+00	0.000000e+00	0.000000e+00	4.284436e-03
2.483874861806194e-08	5.000000e+00	0.000000e+00	0.000000e+00	2.769333e-03
2.487781111806194e-08	5.000000e+00	0.000000e+00	0.000000e+00	1.960799e-03
2.491687361806194e-08	5.000000e+00	0.000000e+00	0.000000e+00	1.389232e-03
2.495593611806194e-08	5.000000e+00	0.000000e+00	0.000000e+00	1.052981e-03
2.499499861806193e-08	5.000000e+00	0.000000e+00	0.000000e+00	7.563972e-04
2.503406111806193e-08	5.000000e+00	0.000000e+00	0.000000e+00	5.931142e-04
2.507312361806193e-08	5.000000e+00	0.000000e+00	0.000000e+00	4.188263e-04
2.510000000000000e-08	5.000000e+00	0.000000e+00	0.000000e+00	3.704643e-04
2.510149127266565e-08	4.925436e+00	7.456363e-02	0.000000e+00	4.447232e-04
2.510447381799695e-08	4.776309e+00	2.236909e-01	0.000000e+00	6.138028e-04
2.511043890865955e-08	4.478055e+00	5.219454e-01	0.000000e+00	9.441248e-04
2.512236908998475e-08	3.881546e+00	1.118454e+00	0.000000e+00	5.352363e-04
2.514126182909309e-08	2.936908e+00	2.063092e+00	0.000000e+00	-9.565744e-04
2.516804534275387e-08	1.597733e+00	3.402267e+00	0.000000e+00	-1.286417e-03
2.519723107630737e-08	1.384462e-01	4.861554e+00	0.000000e+00	-2.123708e-03
2.520000000000000e-08	0.000000e+00	5.000000e+00	0.000000e+00	-2.318778e-03
2.520027689236926e-08	0.000000e+00	5.000000e+00	0.000000e+00	-2.294632e-03
2.520083067710779e-08	0.000000e+00	5.000000e+00	0.000000e+00	-2.212685e-03
2.520193824658484e-08	0.000000e+00	5.000000e+00	0.000000e+00	-2.012038e-03
2.520415338553894e-08	0.000000e+00	5.000000e+00	0.000000e+00	-1.659021e-03
2.520858366344715e-08	0.000000e+00	5.000000e+00	0.000000e+00	-1.055069e-03
2.521744421926355e-08	0.000000e+00	5.000000e+00	0.000000e+00	-2.095302e-04
2.523516533089637e-08	0.000000e+00	5.000000e+00	0.000000e+00	6.226820e-04
2.527060755416200e-08	0.000000e+00	5.000000e+00	0.000000e+00	8.778174e-04
2.530967005416200e-08	0.000000e+00	5.000000e+00	0.000000e+00	6.397387e-04
2.534873255416200e-08	0.000000e+00	5.000000e+00	0.000000e+00	4.562741e-04
2.538779505416200e-08	0.000000e+00	5.000000e+00	0.000000e+00	3.379554e-04
2.542685755416200e-08	0.000000e+00	5.000000e+00	0.000000e+00	2.503189e-04
2.546592005416200e-08	0.000000e+00	5.000000e+00	0.000000e+00	1.902343e-04
2.550498255416200e-08	0.000000e+00	5.000000e+00	0.000000e+00	1.413898e-04
2.554404505416200e-08	0.000000e+00	5.000000e+00	0.000000e+00	1.087516e-04
2.558310755416200e-08	0.000000e+00	5.000000e+00	0.000000e+00	8.015269e-05
2.562217005416200e-08	0.000000e+00	5.000000e+00	0.000000e+00	6.252956e-05
2.566123255416200e-08	0.000000e+00	5.000000e+00	0.000000e+00	4.530133e-05
2.570029505416200e-08	0.000000e+00	5.000000e+00	0.000000e+00	3.616110e-05
2.573935755416200e-08	0.000000e+00	5.000000e+00	0.000000e+00	2.542247e-05
2.577842005416200e-08	0.000000e+00	5.000000e+00	0.000000e+00	2.109790e-05
2.581748255416200e-08	0.000000e+00	5.000000e+00	0.000000e+00	1.408216e-05
2.585654505416199e-08	0.000000e+00	5.000000e+00	0.000000e+00	1.248678e-05
2.589560755416199e-08	0.000000e+00	5.000000e+00	0.000000e+00	7.616095e-06
2.593467005416199e-08	0.000000e+00	5.000000e+00	0.000000e+00	7.559805e-06
2.597373255416199e-08	0.000000e+00	5.000000e+00	0.000000e+00	3.933056e-06
2.600000000000000e-08	0.000000e+00	5.000000e+00	0.000000e+00	5.092445e-06
2.600262674458380e-08	0.000000e+00	5.000000e+00	1.313372e-01	4.192208e-06
2.600788023375140e-08	0.000000e+00	5.000000e+00	3.940117e-01	3.965967e-06
2.601838721208661e-08	0.000000e+00	5.000000e+00	9.193606e-01	3.659530e-06
2.603773617731351e-08	0.000000e+00	5.000000e+00	1.886809e+00	2.945212e-06
2.606785575432815e-08	0.000000e+00	5.000000e+00	3.392788e+00	2.339034e-06
2.609179623963187e-08	0.000000e+00	5.000000e+00	4.589812e+00	1.656834e-06
2.610000000000001e-08	0.000000e+00	5.000000e+00	5.000000e+00	1.609546e-06
2.610082037603682e-08	0.000000e+00	5.000000e+00	5.000000e+00	1.487852e-06
2.610246112811045e-08	0.000000e+00	5.000000e+00	5.000000e+00	1.439063e-06
2.610574263225770e-08	0.000000e+00	5.000000e+00	5.000000e+00	1.494744e-06
2.611230564055222e-08	0.000000e+00	5.000000e+00	5.000000e+00	1.483988e-06
2.612543165714124e-08	0.000000e+00	5.000000e+00	5.000000e+00	1.528596e-06
2.615168369031929e-08	0.000000e+00	5.000000e+00	5.000000e+00	1.496310e-06
2.617419083827326e-08	0.000000e+00	5.000000e+00	5.000000e+00	1.647208e-06
2.620235580896408e-08	0.000000e+00	5.000000e+00	5.000000e+00	1.444072e-06
2.623220025831251e-08	0.000000e+00	5.000000e+00	5.000000e+00	1.110031e-06
2.626475247058544e-08	0.000000e+00	5.000000e+00	5.000000e+00	7.209021e-07
2.629811422149623e-08	0.000000e+00	5.000000e+00	5.000000e+00	5.267496e-07
2.633717672149623e-08	0.000000e+00	5.000000e+00	5.000000e+00	3.172465e-07
2.637623922149623e-08	0.000000e+00	5.000000e+00	5.000000e+00	2.587830e-07
2.641530172149623e-08	0.000000e+00	5.000000e+00	5.000000e+00	1.553294e-07
2.645436422149623e-08	0.000000e+00	5.000000e+00	5.000000e+00	1.516994e-07
2.649342672149623e-08	0.000000e+00	5.000000e+00	5.000000e+00	8.190371e-08
2.653248922149623e-08	0.000000e+00	5.000000e+00	5.000000e+00	9.734921e-08
2.657155172149623e-08	0.000000e+00	5.000000e+00	5.000000e+00	4.279463e-08
2.661061422149623e-08	0.000000e+00	5.000000e+00	5.000000e+00	6.787704e-08
2.664967672149623e-08	0.000000e+00	5.000000e+00	5.000000e+00	2.225541e-08
2.668873922149623e-08	0.000000e+00	5.000000e+00	5.000000e+00	5.053344e-08
2.672780172149622e-08	0.000000e+00	5.000000e+00	5.000000e+00	9.657106e-09
2.676686422149622e-08	0.000000e+00	5.000000e+00	5.000000e+00	4.005866e-08
2.680592672149622e-08	0.000000e+00	5.000000e+00	5.000000e+00	3.256674e-09
2.684498922149622e-08	0.000000e+00	5.000000e+00	5.000000e+00	3.414376e-08
2.688405172149622e-08	0.000000e+00	5.000000e+00	5.000000e+00	-3.067098e-10
2.692311422149622e-08	0.000000e+00	5.000000e+00	5.000000e+00	3.044315e-08
2.696217672149622e-08	0.000000e+00	5.000000e+00	5.000000e+00	-2.181067e-09
2.700123922149622e-08	0.000000e+00	5.000000e+00	5.000000e+00	2.810388e-08
2.704030172149622e-08	0.000000e+00	5.000000e+00	5.000000e+00	-3.083352e-09
2.707936422149622e-08	0.000000e+00	5.000000e+00	5.000000e+00	2.652331e-08
2.711842672149622e-08	0.000000e+00	5.000000e+00	5.000000e+00	-3.417590e-09
2.715748922149622e-08	0.000000e+00	5.000000e+00	5.000000e+00	2.539222e-08
2.719655172149622e-08	0.000000e+00	5.000000e+00	5.000000e+00	-3.408035e-09
2.723561422149622e-08	0.000000e+00	5.000000e+00	5.000000e+00	2.453703e-08
2.727467672149622e-08	0.000000e+00	5.000000e+00	5.000000e+00	-3.207280e-09
2.731373922149622e-08	0.000000e+00	5.000000e+00	5.000000e+00	2.383995e-08
2.735280172149622e-08	0.000000e+00	5.000000e+00	5.000000e+00	-2.905815e-09
2.739186422149622e-08	0.000000e+00	5.000000e+00	5.000000e+00	2.323878e-08
2.743092672149622e-08	0.000000e+00	5.000000e+00	5.000000e+00	-2.553067e-09
2.746998922149622e-08	0.000000e+00	5.000000e+00	5.000000e+00	2.269841e-08
2.750905172149622e-08	0.000000e+00	5.000000e+00	5.000000e+00	-2.176738e-09
2.754811422149622e-08	0.000000e+00	5.000000e+00	5.000000e+00	2.219876e-08
2.758717672149622e-08	0.000000e+00	5.000000e+00	5.000000e+00	-1.792372e-09
2.762623922149622e-08	0.000000e+00	5.000000e+00	5.000000e+00	2.172823e-08
2.766530172149622e-08	0.000000e+00	5.000000e+00	5.000000e+00	-1.408735e-09
2.770436422149622e-08	0.000000e+00	5.000000e+00	5.000000e+00	2.127985e-08
2.774342672149621e-08	0.000000e+00	5.000000e+00	5.000000e+00	-1.030541e-09
2.778248922149621e-08	0.000000e+00	5.000000e+00	5.000000e+00	2.084976e-08
2.782155172149621e-08	0.000000e+00	5.000000e+00	5.000000e+00	-6.603299e-10
2.786061422149621e-08	0.000000e+00	5.000000e+00	5.000000e+00	2.043530e-08
2.789967672149621e-08	0.000000e+00	5.000000e+00	5.000000e+00	-2.994515e-10
2.793873922149621e-08	0.000000e+00	5.000000e+00	5.000000e+00	2.003496e-08
2.797780172149621e-08	0.000000e+00	5.000000e+00	5.000000e+00	5.159095e-11
2.801686422149621e-08	0.000000e+00	5.000000e+00	5.000000e+00	1.964908e-08
2.805592672149621e-08	0.000000e+00	5.000000e+00	5.000000e+00	3.930291e-10
2.809498922149621e-08	0.000000e+00	5.000000e+00	5.000000e+00	1.928363e-08
2.810000000000001e-08	0.000000e+00	5.000000e+00	5.000000e+00	1.635052e-09
2.810050107785039e-08	0.000000e+00	5.000000e+00	4.974946e+00	-8.258285e-08
2.810150323355114e-08	0.000000e+00	5.000000e+00	4.924839e+00	-1.428799e-07
2.810350754495266e-08	0.000000e+00	5.000000e+00	4.824623e+00	-9.604242e-08
2.810751616775570e-08	0.000000e+00	5.000000e+00	4.624192e+00	-9.156557e-08
2.811553341336177e-08	0.000000e+00	5.000000e+00	4.223330e+00	-4.839086e-08
2.812786015401850e-08	0.000000e+00	5.000000e+00	3.606992e+00	1.153962e-07
2.814290614271780e-08	0.000000e+00	5.000000e+00	2.854693e+00	3.230629e-07
2.815978228118611e-08	0.000000e+00	5.000000e+00	2.010886e+00	3.353301e-07
2.818398350208646e-08	0.000000e+00	5.000000e+00	8.008249e-01	7.381260e-07
2.820000000000001e-08	0.000000e+00	5.000000e+00	0.000000e+00	5.353774e-07
2.820160164979136e-08	0.000000e+00	5.000000e+00	0.000000e+00	6.302827e-07
2.820480494937407e-08	0.000000e+00	5.000000e+00	0.000000e+00	5.404448e-07
2.821121154853949e-08	0.000000e+00	5.000000e+00	0.000000e+00	1.833504e-07
2.822296271540593e-08	0.000000e+00	5.000000e+00	0.000000e+00	-2.621512e-07
2.824646504913883e-08	0.000000e+00	5.000000e+00	0.000000e+00	-6.747885e-07
2.826834569360530e-08	0.000000e+00	5.000000e+00	0.000000e+00	-5.435734e-07
2.829557055700926e-08	0.000000e+00	5.000000e+00	0.000000e+00	-3.499297e-07
2.832801762446551e-08	0.000000e+00	5.000000e+00	0.000000e+00	-9.191415e-08
2.836477266123580e-08	0.000000e+00	5.000000e+00	0.000000e+00	-3.870382e-09
2.840383516123580e-08	0.000000e+00	5.000000e+00	0.000000e+00	7.547319e-08
2.844289766123580e-08	0.000000e+00	5.000000e+00	0.000000e+00	4.619690e-08
2.848196016123580e-08	0.000000e+00	5.000000e+00	0.000000e+00	7.281692e-08
2.852102266123580e-08	0.000000e+00	5.000000e+00	0.000000e+00	3.074315e-08
2.856008516123579e-08	0.000000e+00	5.000000e+00	0.000000e+00	5.488397e-08
2.859914766123579e-08	0.000000e+00	5.000000e+00	0.000000e+00	1.725607e-08
2.863821016123579e-08	0.000000e+00	5.000000e+00	0.000000e+00	4.196236e-08
2.867727266123579e-08	0.000000e+00	5.000000e+00	0.000000e+00	8.587221e-09
2.871633516123579e-08	0.000000e+00	5.000000e+00	0.000000e+00	3.406965e-08
2.875539766123579e-08	0.000000e+00	5.000000e+00	0.000000e+00	3.746478e-09
2.879446016123579e-08	0.000000e+00	5.000000e+00	0.000000e+00	2.889906e-08
2.883352266123579e-08	0.000000e+00	5.000000e+00	0.000000e+00	1.317144e-09
2.887258516123579e-08	0.000000e+00	5.000000e+00	0.000000e+00	2.583146e-08
2.891164766123579e-08	0.000000e+00	5.000000e+00	0.000000e+00	2.018924e-10
2.895071016123579e-08	0.000000e+00	5.000000e+00	0.000000e+00	2.378848e-08
2.898977266123579e-08	0.000000e+00	5.000000e+00	0.000000e+00	-2.022721e-10
2.902883516123579e-08	0.000000e+00	5.000000e+00	0.000000e+00	2.235132e-08
2.906789766123579e-08	0.000000e+00	5.000000e+00	0.000000e+00	-2.063019e-10
2.910696016123579e-08	0.000000e+00	5.000000e+00	0.000000e+00	2.127216e-08
2.914602266123579e-08	0.000000e+00	5.000000e+00	0.000000e+00	5.417555e-12
2.918508516123579e-08	0.000000e+00	5.000000e+00	0.000000e+00	2.041128e-08
2.922414766123579e-08	0.000000e+00	5.000000e+00	0.000000e+00	3.300428e-10
2.926321016123579e-08	0.000000e+00	5.000000e+00	0.000000e+00	1.969912e-08
2.930227266123579e-08	0.000000e+00	5.000000e+00	0.000000e+00	7.175789e-10
2.934133516123579e-08	0.000000e+00	5.000000e+00	0.000000e+00	1.908309e-08
2.938039766123579e-08	0.000000e+00	5.000000e+00	0.000000e+00	1.130103e-09
2.941946016123579e-08	0.000000e+00	5.000000e+00	0.000000e+00	1.853314e-08
2.945852266123579e-08	0.000000e+00	5.000000e+00	0.000000e+00	1.546838e-09
2.949758516123579e-08	0.000000e+00	5.000000e+00	0.000000e+00	1.803163e-08
2.953664766123579e-08	0.000000e+00	5.000000e+00	0.000000e+00	1.956388e-09
2.957571016123579e-08	0.000000e+00	5.000000e+00	0.000000e+00	1.756779e-08
2.961477266123578e-08	0.000000e+00	5.000000e+00	0.000000e+00	2.352748e-09
2.965383516123578e-08	0.000000e+00	5.000000e+00	0.000000e+00	1.713489e-08
2.969289766123578e-08	0.000000e+00	5.000000e+00	0.000000e+00	2.732981e-09
2.973196016123578e-08	0.000000e+00	5.000000e+00	0.000000e+00	1.672860e-08
2.977102266123578e-08	0.000000e+00	5.000000e+00	0.000000e+00	3.095897e-09
2.981008516123578e-08	0.000000e+00	5.000000e+00	0.000000e+00	1.634589e-08
2.984914766123578e-08	0.000000e+00	5.000000e+00	0.000000e+00	3.439670e-09
2.988821016123578e-08	0.000000e+00	5.000000e+00	0.000000e+00	1.598466e-08
2.992727266123578e-08	0.000000e+00	5.000000e+00	0.000000e+00	3.766201e-09
2.996633516123578e-08	0.000000e+00	5.000000e+00	0.000000e+00	1.564349e-08
3.000000000000000e-08	0.000000e+00	5.000000e+00	0.000000e+00	4.092849e-09
3.000151124849734e-08	7.556242e-02	4.924438e+00	7.556242e-02	3.153992e-04
3.000453374549202e-08	2.266873e-01	4.773313e+00	2.266873e-01	9.706023e-04
3.001057873948138e-08	5.289370e-01	4.471063e+00	5.289370e-01	2.053640e-03
3.002266872746010e-08	1.133436e+00	3.866564e+00	1.133436e+00	2.967783e-03
3.003939024206322e-08	1.969512e+00	3.030488e+00	1.969512e+00	2.968995e-03
3.006052159206918e-08	3.026080e+00	1.973920e+00	3.026080e+00	1.659513e-03
3.008571772308192e-08	4.285886e+00	7.141138e-01	4.285886e+00	-3.880644e-03
3.010000000000000e-08	5.000000e+00	0.000000e+00	5.000000e+00	-1.160988e-02
3.010142822769182e-08	5.000000e+00	0.000000e+00	5.000000e+00	-1.233615e-02
3.010428468307543e-08	5.000000e+00	0.000000e+00	5.000000e+00	-1.370244e-02
3.010999759384267e-08	5.000000e+00	0.000000e+00	5.000000e+00	-1.655143e-02
3.012142341537714e-08	5.000000e+00	0.000000e+00	5.000000e+00	-2.321160e-02
3.014384407342983e-08	5.000000e+00	0.000000e+00	5.000000e+00	-3.715759e-02
3.018290657342983e-08	5.000000e+00	0.000000e+00	5.000000e+00	3.340098e-02
3.022196907342983e-08	5.000000e+00	0.000000e+00	5.000000e+00	3.079478e-01
3.026103157342983e-08	5.000000e+00	0.000000e+00	5.000000e+00	8.189987e-01
3.030009407342983e-08	5.000000e+00	0.000000e+00	5.000000e+00	1.659791e+00
3.033915657342983e-08	5.000000e+00	0.000000e+00	5.000000e+00	2.783101e+00
3.037245969948570e-08	5.000000e+00	0.000000e+00	5.000000e+00	3.721143e+00
3.040922837105015e-08	5.000000e+00	0.000000e+00	5.000000e+00	4.413706e+00
3.044297518266723e-08	5.000000e+00	0.000000e+00	5.000000e+00	4.718519e+00
3.047246479992046e-08	5.000000e+00	0.000000e+00	5.000000e+00	4.828290e+00
3.049702383430595e-08	5.000000e+00	0.000000e+00	5.000000e+00	4.878129e+00
3.052505931744210e-08	5.000000e+00	0.000000e+00	5.000000e+00	4.921848e+00
3.055307621351336e-08	5.000000e+00	0.000000e+00	5.000000e+00	4.952269e+00
3.058611373252326e-08	5.000000e+00	0.000000e+00	5.000000e+00	4.974298e+00
3.062209162074778e-08	5.000000e+00	0.000000e+00	5.000000e+00	4.986702e+00
3.066115412074778e-08	5.000000e+00	0.000000e+00	5.000000e+00	4.993222e+00
3.070021662074778e-08	5.000000e+00	0.000000e+00	5.000000e+00	4.996107e+00
3.073927912074778e-08	5.000000e+00	0.000000e+00	5.000000e+00	4.997685e+00
3.077834162074778e-08	5.000000e+00	0.000000e+00	5.000000e+00	4.998424e+00
3.081740412074778e-08	5.000000e+00	0.000000e+00	5.000000e+00	4.999011e+00
3.085646662074778e-08	5.000000e+00	0.000000e+00	5.000000e+00	4.999249e+00
3.089552912074778e-08	5.000000e+00	0.000000e+00	5.000000e+00	4.999550e+00
3.093459162074778e-08	5.000000e+00	0.000000e+00	5.000000e+00	4.999616e+00
3.097365412074778e-08	5.000000e+00	0.000000e+00	5.000000e+00	4.999801e+00
3.101271662074778e-08	5.000000e+00	0.000000e+00	5.000000e+00	4.999792e+00
3.105177912074778e-08	5.000000e+00	0.000000e+00	5.000000e+00	4.999922e+00
3.109084162074778e-08	5.000000e+00	0.000000e+00	5.000000e+00	4.999878e+00
3.112990412074778e-08	5.000000e+00	0.000000e+00	5.000000e+00	4.999981e+00
3.116896662074778e-08	5.000000e+00	0.000000e+00	5.000000e+00	4.999921e+00
3.120802912074778e-08	5.000000e+00	0.000000e+00	5.000000e+00	5.000009e+00
3.124709162074778e-08	5.000000e+00	0.000000e+00	5.000000e+00	4.999943e+00
3.128615412074778e-08	5.000000e+00	0.000000e+00	5.000000e+00	5.000022e+00
3.132521662074778e-08	5.000000e+00	0.000000e+00	5.000000e+00	4.999953e+00
3.136427912074778e-08	5.000000e+00	0.000000e+00	5.000000e+00	5.000029e+00
3.140334162074778e-08	5.000000e+00	0.000000e+00	5.000000e+00	4.999960e+00
3.144240412074778e-08	5.000000e+00	0.000000e+00	5.000000e+00	5.000031e+00
3.148146662074778e-08	5.000000e+00	0.000000e+00	5.000000e+00	4.999963e+00
3.152052912074778e-08	5.000000e+00	0.000000e+00	5.000000e+00	5.000032e+00
3.155959162074778e-08	5.000000e+00	0.000000e+00	5.000000e+00	4.999965e+00
3.159865412074778e-08	5.000000e+00	0.000000e+00	5.000000e+00	5.000032e+00
3.163771662074778e-08	5.000000e+00	0.000000e+00	5.000000e+00	4.999967e+00
3.167677912074777e-08	5.000000e+00	0.000000e+00	5.000000e+00	5.000032e+00
3.171584162074777e-08	5.000000e+00	0.000000e+00	5.000000e+00	4.999968e+00
3.175490412074777e-08	5.000000e+00	0.000000e+00	5.000000e+00	5.000031e+00
3.179396662074777e-08	5.000000e+00	0.000000e+00	5.000000e+00	4.999969e+00
3.183302912074777e-08	5.000000e+00	0.000000e+00	5.000000e+00	5.000031e+00
3.187209162074777e-08	5.000000e+00	0.000000e+00	5.000000e+00	4.999970e+00
3.191115412074777e-08	5.000000e+00	0.000000e+00	5.000000e+00	5.000030e+00
3.195021662074777e-08	5.000000e+00	0.000000e+00	5.000000e+00	4.999971e+00
3.198927912074777e-08	5.000000e+00	0.000000e+00	5.000000e+00	5.000029e+00
3.202834162074777e-08	5.000000e+00	0.000000e+00	5.000000e+00	4.999971e+00
3.206740412074777e-08	5.000000e+00	0.000000e+00	5.000000e+00	5.000028e+00
3.210000000000000e-08	5.000000e+00	0.000000e+00	5.000000e+00	4.999972e+00
3.210325958792522e-08	5.000000e+00	0.000000e+00	4.837020e+00	4.999909e+00
3.210977876377567e-08	5.000000e+00	0.000000e+00	4.511062e+00	4.999585e+00
3.212281711547656e-08	5.000000e+00	0.000000e+00	3.859144e+00	4.998619e+00
3.213729620992623e-08	5.000000e+00	0.000000e+00	3.135190e+00	4.998674e+00
3.215679802035519e-08	5.000000e+00	0.000000e+00	2.160099e+00	5.003201e+00
3.218427451300914e-08	5.000000e+00	0.000000e+00	7.862744e-01	5.020741e+00
3.220000000000000e-08	5.000000e+00	0.000000e+00	0.000000e+00	5.036252e+00
3.220157254869909e-08	5.000000e+00	0.000000e+00	0.000000e+00	5.037987e+00
3.220471764609727e-08	5.000000e+00	0.000000e+00	0.000000e+00	5.041661e+00
3.221100784089361e-08	5.000000e+00	0.000000e+00	0.000000e+00	5.050184e+00
3.222299834201687e-08	5.000000e+00	0.000000e+00	0.000000e+00	5.058938e+00
3.224697934426338e-08	5.000000e+00	0.000000e+00	0.000000e+00	5.015682e+00
3.227764790728405e-08	5.000000e+00	0.000000e+00	0.000000e+00	4.861265e+00
3.231671040728405e-08	5.000000e+00	0.000000e+00	0.000000e+00	4.540467e+00
3.235577290728405e-08	5.000000e+00	0.000000e+00	0.000000e+00	4.041556e+00
3.239483540728405e-08	5.000000e+00	0.000000e+00	0.000000e+00	3.334076e+00
3.243389790728405e-08	5.000000e+00	0.000000e+00	0.000000e+00	2.463306e+00
3.246806946152953e-08	5.000000e+00	0.000000e+00	0.000000e+00	1.642384e+00
3.250303272177158e-08	5.000000e+00	0.000000e+00	0.000000e+00	9.280947e-01
3.253636438164443e-08	5.000000e+00	0.000000e+00	0.000000e+00	5.003010e-01
3.256694521251420e-08	5.000000e+00	0.000000e+00	0.000000e+00	2.919817e-01
3.259997225326645e-08	5.000000e+00	0.000000e+00	0.000000e+00	1.559617e-01
3.263903475326645e-08	5.000000e+00	0.000000e+00	0.000000e+00	6.983821e-02
3.267809725326645e-08	5.000000e+00	0.000000e+00	0.000000e+00	3.119971e-02
3.271715975326645e-08	5.000000e+00	0.000000e+00	0.000000e+00	1.462891e-02
3.275622225326645e-08	5.000000e+00	0.000000e+00	0.000000e+00	7.705857e-03
3.279528475326645e-08	5.000000e+00	0.000000e+00	0.000000e+00	4.440159e-03
3.283434725326645e-08	5.000000e+00	0.000000e+00	0.000000e+00	2.954046e-03
3.287340975326645e-08	5.000000e+00	0.000000e+00	0.000000e+00	1.970832e-03
3.291247225326645e-08	5.000000e+00	0.000000e+00	0.000000e+00	1.499765e-03
3.295153475326645e-08	5.000000e+00	0.000000e+00	0.000000e+00	1.027336e-03
3.299059725326645e-08	5.000000e+00	0.000000e+00	0.000000e+00	8.402654e-04
3.302965975326645e-08	5.000000e+00	0.000000e+00	0.000000e+00	5.543854e-04
3.306872225326645e-08	5.000000e+00	0.000000e+00	0.000000e+00	4.887328e-04
3.310778475326644e-08	5.000000e+00	0.000000e+00	0.000000e+00	2.958619e-04
3.314684725326644e-08	5.000000e+00	0.000000e+00	0.000000e+00	2.922649e-04
3.318590975326644e-08	5.000000e+00	0.000000e+00	0.000000e+00	1.514680e-04
3.322497225326644e-08	5.000000e+00	0.000000e+00	0.000000e+00	1.808858e-04
3.326403475326644e-08	5.000000e+00	0.000000e+00	0.000000e+00	7.059518e-05
3.330309725326644e-08	5.000000e+00	0.000000e+00	0.000000e+00	1.172751e-04
3.334215975326644e-08	5.000000e+00	0.000000e+00	0.000000e+00	2.544307e-05
3.338122225326644e-08	5.000000e+00	0.000000e+00	0.000000e+00	8.064057e-05
3.342028475326644e-08	5.000000e+00	0.000000e+00	0.000000e+00	4.809460e-07
3.345934725326644e-08	5.000000e+00	0.000000e+00	0.000000e+00	6.016485e-05
3.349840975326644e-08	5.000000e+00	0.000000e+00	0.000000e+00	-1.196394e-05
3.353747225326644e-08	5.000000e+00	0.000000e+00	0.000000e+00	4.809598e-05
3.357653475326644e-08	5.000000e+00	0.000000e+00	0.000000e+00	-1.910520e-05
3.361559725326644e-08	5.000000e+00	0.000000e+00	0.000000e+00	4.047064e-05
3.365465975326644e-08	5.000000e+00	0.000000e+00	0.000000e+00	-2.272098e-05
3.369372225326644e-08	5.000000e+00	0.000000e+00	0.000000e+00	3.566765e-05
3.373278475326644e-08	5.000000e+00	0.000000e+00	0.000000e+00	-2.425567e-05
3.377184725326644e-08	5.000000e+00	0.000000e+00	0.000000e+00	3.240335e-05
3.381090975326644e-08	5.000000e+00	0.000000e+00	0.000000e+00	-2.472934e-05
3.384997225326644e-08	5.000000e+00	0.000000e+00	0.000000e+00	3.010435e-05
3.388903475326644e-08	5.000000e+00	0.000000e+00	0.000000e+00	-2.451433e-05
3.392809725326644e-08	5.000000e+00	0.000000e+00	0.000000e+00	2.835286e-05
3.396715975326644e-08	5.000000e+00	0.000000e+00	0.000000e+00	-2.398285e-05
3.400000000000001e-08	5.000000e+00	0.000000e+00	2.273737e-13	2.690571e-05
3.400328402467336e-08	5.000000e+00	0.000000e+00	1.642012e-01	4.388435e-05
3.400985207402008e-08	5.000000e+00	0.000000e+00	4.926037e-01	2.087808e-04
3.402298817271350e-08	5.000000e+00	0.000000e+00	1.149409e+00	8.132399e-04
3.404095464199742e-08	5.000000e+00	0.000000e+00	2.047732e+00	1.200437e-03
3.406420933075049e-08	5.000000e+00	0.000000e+00	3.210467e+00	-3.899260e-04
3.408702278605426e-08	5.000000e+00	0.000000e+00	4.351139e+00	-5.202522e-03
3.410000000000000e-08	5.000000e+00	0.000000e+00	5.000000e+00	-9.630945e-03
3.410129772139458e-08	5.000000e+00	0.000000e+00	5.000000e+00	-1.015385e-02
3.410389316418373e-08	5.000000e+00	0.000000e+00	5.000000e+00	-1.121773e-02
3.410908404976203e-08	5.000000e+00	0.000000e+00	5.000000e+00	-1.337804e-02
3.411946582091862e-08	5.000000e+00	0.000000e+00	5.000000e+00	-1.863118e-02
3.413509830346896e-08	5.000000e+00	0.000000e+00	5.000000e+00	-2.842292e-02
3.416636326856965e-08	5.000000e+00	0.000000e+00	5.000000e+00	-1.961444e-02
3.420542576856965e-08	5.000000e+00	0.000000e+00	5.000000e+00	1.475928e-01
3.424448826856965e-08	5.000000e+00	0.000000e+00	5.000000e+00	5.277225e-01
3.428355076856964e-08	5.000000e+00	0.000000e+00	5.000000e+00	1.196866e+00
3.432261326856964e-08	5.000000e+00	0.000000e+00	5.000000e+00	2.205845e+00
3.436167576856964e-08	5.000000e+00	0.000000e+00	5.000000e+00	3.356837e+00
3.439157490297183e-08	5.000000e+00	0.000000e+00	5.000000e+00	4.081957e+00
3.442512465520293e-08	5.000000e+00	0.000000e+00	5.000000e+00	4.562931e+00
3.446212799780399e-08	5.000000e+00	0.000000e+00	5.000000e+00	4.792826e+00
3.448817377682232e-08	5.000000e+00	0.000000e+00	5.000000e+00	4.857198e+00
3.451984031911842e-08	5.000000e+00	0.000000e+00	5.000000e+00	4.911185e+00
3.455033203081778e-08	5.000000e+00	0.000000e+00	5.000000e+00	4.947681e+00
3.458219967617694e-08	5.000000e+00	0.000000e+00	5.000000e+00	4.971042e+00
3.461621468598949e-08	5.000000e+00	0.000000e+00	5.000000e+00	4.984605e+00
3.465527718598949e-08	5.000000e+00	0.000000e+00	5.000000e+00	4.992189e+00
3.469433968598949e-08	5.000000e+00	0.000000e+00	5.000000e+00	4.995687e+00
3.473340218598949e-08	5.000000e+00	0.000000e+00	5.000000e+00	4.997385e+00
3.477246468598949e-08	5.000000e+00	0.000000e+00	5.000000e+00	4.998328e+00
3.481152718598949e-08	5.000000e+00	0.000000e+00	5.000000e+00	4.998869e+00
3.485058968598949e-08	5.000000e+00	0.000000e+00	5.000000e+00	4.999237e+00
3.488965218598949e-08	5.000000e+00	0.000000e+00	5.000000e+00	4.999461e+00
3.492871468598949e-08	5.000000e+00	0.000000e+00	5.000000e+00	4.999635e+00
3.496777718598949e-08	5.000000e+00	0.000000e+00	5.000000e+00	4.999734e+00
3.500683968598949e-08	5.000000e+00	0.000000e+00	5.000000e+00	4.999824e+00
3.504590218598949e-08	5.000000e+00	0.000000e+00	5.000000e+00	4.999867e+00
3.508496468598949e-08	5.000000e+00	0.000000e+00	5.000000e+00	4.999917e+00
3.510000000000000e-08	5.000000e+00	0.000000e+00	5.000000e+00	4.999917e+00
3.510150353140106e-08	4.924823e+00	7.517657e-02	5.000000e+00	4.999707e+00
3.510451059420316e-08	4.774470e+00	2.255297e-01	5.000000e+00	4.999263e+00
3.511052471980736e-08	4.473764e+00	5.262360e-01	5.000000e+00	4.998499e+00
3.512255297101578e-08	3.872351e+00	1.127649e+00	5.000000e+00	4.998937e+00
3.513887217469526e-08	3.056391e+00	1.943609e+00	5.000000e+00	5.000202e+00
3.516313311308417e-08	1.843344e+00	3.156656e+00	5.000000e+00	5.000803e+00
3.519569354070535e-08	2.153230e-01	4.784677e+00	5.000000e+00	5.002225e+00
3.520000000000000e-08	0.000000e+00	5.000000e+00	5.000000e+00	5.002729e+00
3.520043064592947e-08	0.000000e+00	5.000000e+00	5.000000e+00	5.002706e+00
3.520129193778840e-08	0.000000e+00	5.000000e+00	5.000000e+00	5.002604e+00
3.520301452150627e-08	0.000000e+00	5.000000e+00	5.000000e+00	5.002372e+00
3.520645968894199e-08	0.000000e+00	5.000000e+00	5.000000e+00	5.001980e+00
3.521335002381344e-08	0.000000e+00	5.000000e+00	5.000000e+00	5.001316e+00
3.522713069355635e-08	0.000000e+00	5.000000e+00	5.000000e+00	5.000444e+00
3.525469203304217e-08	0.000000e+00	5.000000e+00	5.000000e+00	4.999665e+00
3.529375453304217e-08	0.000000e+00	5.000000e+00	5.000000e+00	4.999476e+00
3.533281703304217e-08	0.000000e+00	5.000000e+00	5.000000e+00	4.999553e+00
3.537187953304217e-08	0.000000e+00	5.000000e+00	5.000000e+00	4.999671e+00
3.541094203304217e-08	0.000000e+00	5.000000e+00	5.000000e+00	4.999757e+00
3.545000453304217e-08	0.000000e+00	5.000000e+00	5.000000e+00	4.999832e+00
3.548906703304217e-08	0.000000e+00	5.000000e+00	5.000000e+00	4.999876e+00
3.552812953304217e-08	0.000000e+00	5.000000e+00	5.000000e+00	4.999917e+00
3.556719203304216e-08	0.000000e+00	5.000000e+00	5.000000e+00	4.999936e+00
3.560625453304216e-08	0.000000e+00	5.000000e+00	5.000000e+00	4.999959e+00
3.564531703304216e-08	0.000000e+00	5.000000e+00	5.000000e+00	4.999966e+00
3.568437953304216e-08	0.000000e+00	5.000000e+00	5.000000e+00	4.999981e+00
3.572344203304216e-08	0.000000e+00	5.000000e+00	5.000000e+00	4.999981e+00
3.576250453304216e-08	0.000000e+00	5.000000e+00	5.000000e+00	4.999992e+00
3.580156703304216e-08	0.000000e+00	5.000000e+00	5.000000e+00	4.999989e+00
3.584062953304216e-08	0.000000e+00	5.000000e+00	5.000000e+00	4.999997e+00
3.587969203304216e-08	0.000000e+00	5.000000e+00	5.000000e+00	4.999993e+00
3.591875453304216e-08	0.000000e+00	5.000000e+00	5.000000e+00	5.000000e+00
3.595781703304216e-08	0.000000e+00	5.000000e+00	5.000000e+00	4.999995e+00
3.599687953304216e-08	0.000000e+00	5.000000e+00	5.000000e+00	5.000001e+00
3.603594203304216e-08	0.000000e+00	5.000000e+00	5.000000e+00	4.999996e+00
3.607500453304216e-08	0.000000e+00	5.000000e+00	5.000000e+00	5.000002e+00
3.610000000000000e-08	0.000000e+00	5.000000e+00	5.000000e+00	4.999997e+00
3.610249954669578e-08	0.000000e+00	5.000000e+00	4.875023e+00	4.999999e+00
3.610749864008735e-08	0.000000e+00	5.000000e+00	4.625068e+00	4.999999e+00
3.611749682687048e-08	0.000000e+00	5.000000e+00	4.125159e+00	4.999999e+00
3.613749320043676e-08	0.000000e+00	5.000000e+00	3.125340e+00	5.000000e+00
3.615771682067203e-08	0.000000e+00	5.000000e+00	2.114159e+00	5.000000e+00
3.618039325058549e-08	0.000000e+00	5.000000e+00	9.803374e-01	5.000000e+00
3.620000000000000e-08	0.000000e+00	5.000000e+00	1.776357e-14	5.000000e+00
3.620196067494145e-08	0.000000e+00	5.000000e+00	0.000000e+00	5.000000e+00
3.620588202482435e-08	0.000000e+00	5.000000e+00	0.000000e+00	5.000000e+00
3.621372472459016e-08	0.000000e+00	5.000000e+00	0.000000e+00	5.000000e+00
3.622881064910758e-08	0.000000e+00	5.000000e+00	0.000000e+00	4.999999e+00
3.625190005321899e-08	0.000000e+00	5.000000e+00	0.000000e+00	4.999999e+00
3.627936077955180e-08	0.000000e+00	5.000000e+00	0.000000e+00	5.000000e+00
3.630956706721399e-08	0.000000e+00	5.000000e+00	0.000000e+00	5.000000e+00
3.634257528095519e-08	0.000000e+00	5.000000e+00	0.000000e+00	5.000000e+00
3.638163778095519e-08	0.000000e+00	5.000000e+00	0.000000e+00	5.000000e+00
3.642070028095519e-08	0.000000e+00	5.000000e+00	0.000000e+00	5.000000e+00
3.645976278095519e-08	0.000000e+00	5.000000e+00	0.000000e+00	5.000000e+00
3.649882528095519e-08	0.000000e+00	5.000000e+00	0.000000e+00	5.000000e+00
3.653788778095519e-08	0.000000e+00	5.000000e+00	0.000000e+00	5.000000e+00
3.657695028095519e-08	0.000000e+00	5.000000e+00	0.000000e+00	5.000000e+00
3.661601278095518e-08	0.000000e+00	5.000000e+00	0.000000e+00	5.000000e+00
3.665507528095518e-08	0.000000e+00	5.000000e+00	0.000000e+00	5.000000e+00
3.669413778095518e-08	0.000000e+00	5.000000e+00	0.000000e+00	5.000000e+00
3.673320028095518e-08	0.000000e+00	5.000000e+00	0.000000e+00	5.000000e+00
3.677226278095518e-08	0.000000e+00	5.000000e+00	0.000000e+00	5.000000e+00
3.681132528095518e-08	0.000000e+00	5.000000e+00	0.000000e+00	5.000000e+00
3.685038778095518e-08	0.000000e+00	5.000000e+00	0.000000e+00	5.000000e+00
3.688945028095518e-08	0.000000e+00	5.000000e+00	0.000000e+00	5.000000e+00
3.692851278095518e-08	0.000000e+00	5.000000e+00	0.000000e+00	5.000000e+00
3.696757528095518e-08	0.000000e+00	5.000000e+00	0.000000e+00	5.000000e+00
3.700663778095518e-08	0.000000e+00	5.000000e+00	0.000000e+00	5.000000e+00
3.704570028095518e-08	0.000000e+00	5.000000e+00	0.000000e+00	5.000000e+00
3.708476278095518e-08	0.000000e+00	5.000000e+00	0.000000e+00	5.000000e+00
3.712382528095518e-08	0.000000e+00	5.000000e+00	0.000000e+00	5.000000e+00
3.716288778095518e-08	0.000000e+00	5.000000e+00	0.000000e+00	5.000000e+00
3.720195028095518e-08	0.000000e+00	5.000000e+00	0.000000e+00	5.000000e+00
3.724101278095518e-08	0.000000e+00	5.000000e+00	0.000000e+00	5.000000e+00
3.728007528095518e-08	0.000000e+00	5.000000e+00	0.000000e+00	5.000000e+00
3.731913778095518e-08	0.000000e+00	5.000000e+00	0.000000e+00	5.000000e+00
3.735820028095518e-08	0.000000e+00	5.000000e+00	0.000000e+00	5.000000e+00
3.739726278095518e-08	0.000000e+00	5.000000e+00	0.000000e+00	5.000000e+00
3.743632528095518e-08	0.000000e+00	5.000000e+00	0.000000e+00	5.000000e+00
3.747538778095518e-08	0.000000e+00	5.000000e+00	0.000000e+00	5.000000e+00
3.751445028095518e-08	0.000000e+00	5.000000e+00	0.000000e+00	5.000000e+00
3.755351278095518e-08	0.000000e+00	5.000000e+00	0.000000e+00	5.000000e+00
3.759257528095518e-08	0.000000e+00	5.000000e+00	0.000000e+00	5.000000e+00
3.763163778095517e-08	0.000000e+00	5.000000e+00	0.000000e+00	5.000000e+00
3.767070028095517e-08	0.000000e+00	5.000000e+00	0.000000e+00	5.000000e+00
3.770976278095517e-08	0.000000e+00	5.000000e+00	0.000000e+00	5.000000e+00
3.774882528095517e-08	0.000000e+00	5.000000e+00	0.000000e+00	5.000000e+00
3.778788778095517e-08	0.000000e+00	5.000000e+00	0.000000e+00	5.000000e+00
3.782695028095517e-08	0.000000e+00	5.000000e+00	0.000000e+00	5.000000e+00
3.786601278095517e-08	0.000000e+00	5.000000e+00	0.000000e+00	5.000000e+00
3.790507528095517e-08	0.000000e+00	5.000000e+00	0.000000e+00	5.000000e+00
3.794413778095517e-08	0.000000e+00	5.000000e+00	0.000000e+00	5.000000e+00
3.798320028095517e-08	0.000000e+00	5.000000e+00	0.000000e+00	5.000000e+00
3.800000000000000e-08	0.000000e+00	5.000000e+00	0.000000e+00	5.000000e+00
3.800167997190449e-08	0.000000e+00	5.000000e+00	8.399860e-02	5.000000e+00
3.800503991571345e-08	0.000000e+00	5.000000e+00	2.519958e-01	5.000000e+00
3.801175980333138e-08	0.000000e+00	5.000000e+00	5.879902e-01	5.000000e+00
3.802519957856725e-08	0.000000e+00	5.000000e+00	1.259979e+00	5.000000e+00
3.804252053412074e-08	0.000000e+00	5.000000e+00	2.126027e+00	5.000000e+00
3.806332170134426e-08	0.000000e+00	5.000000e+00	3.166085e+00	5.000000e+00
3.808648307759226e-08	0.000000e+00	5.000000e+00	4.324154e+00	5.000000e+00
3.810000000000000e-08	0.000000e+00	5.000000e+00	5.000000e+00	5.000000e+00
3.810135169224078e-08	0.000000e+00	5.000000e+00	5.000000e+00	5.000000e+00
3.810405507672233e-08	0.000000e+00	5.000000e+00	5.000000e+00	5.000000e+00
3.810946184568542e-08	0.000000e+00	5.000000e+00	5.000000e+00	5.000000e+00
3.812027538361162e-08	0.000000e+00	5.000000e+00	5.000000e+00	5.000000e+00
3.814190245946401e-08	0.000000e+00	5.000000e+00	5.000000e+00	5.000000e+00
3.816475639538583e-08	0.000000e+00	5.000000e+00	5.000000e+00	5.000000e+00
3.819509780677634e-08	0.000000e+00	5.000000e+00	5.000000e+00	5.000000e+00
3.822476055335920e-08	0.000000e+00	5.000000e+00	5.000000e+00	5.000000e+00
3.825316893153833e-08	0.000000e+00	5.000000e+00	5.000000e+00	5.000000e+00
3.828590224909099e-08	0.000000e+00	5.000000e+00	5.000000e+00	5.000000e+00
3.832496474909099e-08	0.000000e+00	5.000000e+00	5.000000e+00	5.000000e+00
3.836402724909099e-08	0.000000e+00	5.000000e+00	5.000000e+00	5.000000e+00
3.840308974909099e-08	0.000000e+00	5.000000e+00	5.000000e+00	5.000000e+00
3.844215224909099e-08	0.000000e+00	5.000000e+00	5.000000e+00	5.000000e+00
3.848121474909099e-08	0.000000e+00	5.000000e+00	5.000000e+00	5.000000e+00
3.852027724909098e-08	0.000000e+00	5.000000e+00	5.000000e+00	5.000000e+00
3.855933974909098e-08	0.000000e+00	5.000000e+00	5.000000e+00	5.000000e+00
3.859840224909098e-08	0.000000e+00	5.000000e+00	5.000000e+00	5.000000e+00
3.863746474909098e-08	0.000000e+00	5.000000e+00	5.000000e+00	5.000000e+00
3.867652724909098e-08	0.000000e+00	5.000000e+00	5.000000e+00	5.000000e+00
3.871558974909098e-08	0.000000e+00	5.000000e+00	5.000000e+00	5.000000e+00
3.875465224909098e-08	0.000000e+00	5.000000e+00	5.000000e+00	5.000000e+00
3.879371474909098e-08	0.000000e+00	5.000000e+00	5.000000e+00	5.000000e+00
3.883277724909098e-08	0.000000e+00	5.000000e+00	5.000000e+00	5.000000e+00
3.887183974909098e-08	0.000000e+00	5.000000e+00	5.000000e+00	5.000000e+00
3.891090224909098e-08	0.000000e+00	5.000000e+00	5.000000e+00	5.000000e+00
3.894996474909098e-08	0.000000e+00	5.000000e+00	5.000000e+00	5.000000e+00
3.898902724909098e-08	0.000000e+00	5.000000e+00	5.000000e+00	5.000000e+00
3.902808974909098e-08	0.000000e+00	5.000000e+00	5.000000e+00	5.000000e+00
3.906715224909098e-08	0.000000e+00	5.000000e+00	5.000000e+00	5.000000e+00
3.910621474909098e-08	0.000000e+00	5.000000e+00	5.000000e+00	5.000000e+00
3.914527724909098e-08	0.000000e+00	5.000000e+00	5.000000e+00	5.000000e+00
3.918433974909098e-08	0.000000e+00	5.000000e+00	5.000000e+00	5.000000e+00
3.922340224909098e-08	0.000000e+00	5.000000e+00	5.000000e+00	5.000000e+00
3.926246474909098e-08	0.000000e+00	5.000000e+00	5.000000e+00	5.000000e+00
3.930152724909098e-08	0.000000e+00	5.000000e+00	5.000000e+00	5.000000e+00
3.934058974909098e-08	0.000000e+00	5.000000e+00	5.000000e+00	5.000000e+00
3.937965224909098e-08	0.000000e+00	5.000000e+00	5.000000e+00	5.000000e+00
3.941871474909098e-08	0.000000e+00	5.000000e+00	5.000000e+00	5.000000e+00
3.945777724909098e-08	0.000000e+00	5.000000e+00	5.000000e+00	5.000000e+00
3.949683974909098e-08	0.000000e+00	5.000000e+00	5.000000e+00	5.000000e+00
3.953590224909098e-08	0.000000e+00	5.000000e+00	5.000000e+00	5.000000e+00
3.957496474909097e-08	0.000000e+00	5.000000e+00	5.000000e+00	5.000000e+00
3.961402724909097e-08	0.000000e+00	5.000000e+00	5.000000e+00	5.000000e+00
3.965308974909097e-08	0.000000e+00	5.000000e+00	5.000000e+00	5.000000e+00
3.969215224909097e-08	0.000000e+00	5.000000e+00	5.000000e+00	5.000000e+00
3.973121474909097e-08	0.000000e+00	5.000000e+00	5.000000e+00	5.000000e+00
3.977027724909097e-08	0.000000e+00	5.000000e+00	5.000000e+00	5.000000e+00
3.980933974909097e-08	0.000000e+00	5.000000e+00	5.000000e+00	5.000000e+00
3.984840224909097e-08	0.000000e+00	5.000000e+00	5.000000e+00	5.000000e+00
3.988746474909097e-08	0.000000e+00	5.000000e+00	5.000000e+00	5.000000e+00
3.992652724909097e-08	0.000000e+00	5.000000e+00	5.000000e+00	5.000000e+00
3.996558974909097e-08	0.000000e+00	5.000000e+00	5.000000e+00	5.000000e+00
4.000000000000000e-08	0.000000e+00	5.000000e+00	5.000000e+00	5.000000e+00
