time	V(vout)	Ix(xinv_20_1@0:y_c17530)
0.000000000000000e+00	5.000000e+00	-9.116398e-16
5.000000000000000e-10	5.000000e+00	5.273559e-15
5.019112500898475e-10	5.005054e+00	-7.970261e-05
5.057337502695424e-10	5.015778e+00	-9.686935e-05
5.133787506289323e-10	5.036186e+00	-7.458445e-05
5.278849069500439e-10	5.057851e+00	-2.374683e-05
5.489945309673961e-10	5.015996e+00	1.469396e-04
5.700223709743161e-10	4.890803e+00	2.323766e-04
5.928607048942451e-10	4.627141e+00	4.968056e-04
6.000000000000000e-10	4.512589e+00	5.120876e-04
6.007139295105754e-10	4.499196e+00	5.812532e-04
6.021417885317265e-10	4.472221e+00	6.027676e-04
6.049975065740285e-10	4.418529e+00	5.911653e-04
6.107089426586324e-10	4.315443e+00	6.142182e-04
6.221318148278403e-10	4.124123e+00	6.159071e-04
6.449775591662561e-10	3.757411e+00	6.233316e-04
6.753441992172171e-10	3.290929e+00	6.197380e-04
7.144066992172172e-10	2.718712e+00	6.163164e-04
7.534691992172172e-10	2.187966e+00	6.025521e-04
7.925316992172172e-10	1.739742e+00	5.904783e-04
8.315941992172173e-10	1.364643e+00	5.234034e-04
8.619480481739198e-10	1.094211e+00	4.375807e-04
8.942845253469059e-10	8.194377e-01	3.266982e-04
9.333470253469059e-10	5.500767e-01	2.329925e-04
9.724095253469059e-10	3.516737e-01	1.414780e-04
1.011472025346906e-09	2.217308e-01	1.016742e-04
1.050534525346906e-09	1.388609e-01	5.353697e-05
1.089597025346906e-09	8.678702e-02	4.438082e-05
1.128659525346906e-09	5.401368e-02	1.707993e-05
1.167722025346906e-09	3.368745e-02	2.126182e-05
1.206784525346906e-09	2.087389e-02	2.677489e-06
1.245847025346906e-09	1.304608e-02	1.217526e-05
1.284909525346906e-09	8.040961e-03	-2.890109e-06
1.323972025346906e-09	5.065395e-03	8.619100e-06
1.363034525346906e-09	3.082342e-03	-5.013363e-06
1.402097025346906e-09	1.980840e-03	7.212033e-06
1.441159525346906e-09	1.167340e-03	-5.803431e-06
1.480222025346906e-09	7.883162e-04	6.638065e-06
1.519284525346906e-09	4.283126e-04	-6.079264e-06
1.558347025346907e-09	3.268118e-04	6.387460e-06
1.597409525346907e-09	1.436923e-04	-6.157524e-06
1.636472025346907e-09	1.479088e-04	6.263119e-06
1.675534525346907e-09	3.445851e-05	-6.160871e-06
1.714597025346907e-09	7.851802e-05	6.189198e-06
1.753659525346907e-09	-6.007490e-06	-6.135700e-06
1.792722025346907e-09	5.127578e-05	6.134998e-06
1.831784525346907e-09	-2.119034e-05	-6.100796e-06
1.870847025346907e-09	4.006888e-05	6.089101e-06
1.909909525346907e-09	-2.635083e-05	-6.062863e-06
1.948972025346907e-09	3.503582e-05	6.047410e-06
1.988034525346907e-09	-2.767857e-05	-6.024751e-06
2.027097025346907e-09	3.239523e-05	6.008294e-06
2.066159525346907e-09	-2.755177e-05	-5.987501e-06
2.105222025346907e-09	3.069359e-05	5.971073e-06
2.144284525346907e-09	-2.688381e-05	-5.951460e-06
2.183347025346907e-09	2.937188e-05	5.935431e-06
2.222409525346907e-09	-2.602525e-05	-5.916709e-06
2.261472025346907e-09	2.821481e-05	5.901199e-06
2.300534525346907e-09	-2.511034e-05	-5.883233e-06
2.339597025346907e-09	2.713918e-05	5.868265e-06
2.378659525346907e-09	-2.419027e-05	-5.850979e-06
2.417722025346907e-09	2.611256e-05	5.836543e-06
2.456784525346907e-09	-2.328427e-05	-5.819885e-06
2.495847025346907e-09	2.512206e-05	5.805955e-06
2.534909525346907e-09	-2.239932e-05	-5.789886e-06
2.573972025346907e-09	2.416227e-05	5.776433e-06
2.613034525346907e-09	-2.153771e-05	-5.760918e-06
2.652097025346907e-09	2.323069e-05	5.747914e-06
2.691159525346907e-09	-2.069993e-05	-5.732920e-06
2.730222025346907e-09	2.232594e-05	5.720337e-06
2.769284525346908e-09	-1.988577e-05	-5.705834e-06
2.808347025346908e-09	2.144707e-05	5.693645e-06
2.847409525346908e-09	-1.909478e-05	-5.679604e-06
2.886472025346908e-09	2.059332e-05	5.667785e-06
2.925534525346908e-09	-1.832643e-05	-5.654178e-06
2.964597025346908e-09	1.976401e-05	5.642704e-06
3.003659525346908e-09	-1.758015e-05	-5.629508e-06
3.042722025346908e-09	1.895849e-05	5.618356e-06
3.081784525346908e-09	-1.685537e-05	-5.605545e-06
3.120847025346908e-09	1.817613e-05	5.594693e-06
3.159909525346908e-09	-1.615154e-05	-5.582245e-06
3.198972025346908e-09	1.741633e-05	5.571675e-06
3.238034525346908e-09	-1.546809e-05	-5.559567e-06
3.277097025346908e-09	1.667850e-05	5.549259e-06
3.316159525346908e-09	-1.480449e-05	-5.537472e-06
3.355222025346908e-09	1.596204e-05	5.527407e-06
3.394284525346908e-09	-1.416022e-05	-5.515921e-06
3.433347025346908e-09	1.526642e-05	5.506082e-06
3.472409525346908e-09	-1.353476e-05	-5.494879e-06
3.511472025346908e-09	1.459106e-05	5.485251e-06
3.550534525346908e-09	-1.292761e-05	-5.474313e-06
3.589597025346908e-09	1.393543e-05	5.464880e-06
3.628659525346908e-09	-1.233828e-05	-5.454191e-06
3.667722025346908e-09	1.329901e-05	5.444940e-06
3.706784525346908e-09	-1.176629e-05	-5.434484e-06
3.745847025346909e-09	1.268128e-05	5.425400e-06
3.784909525346908e-09	-1.121117e-05	-5.415163e-06
3.823972025346908e-09	1.208174e-05	5.406235e-06
3.863034525346907e-09	-1.067248e-05	-5.396203e-06
3.902097025346907e-09	1.149990e-05	5.387418e-06
3.941159525346907e-09	-1.014975e-05	-5.377578e-06
3.980222025346906e-09	1.093528e-05	5.368925e-06
4.019284525346906e-09	-9.642572e-06	-5.359264e-06
4.058347025346906e-09	1.038743e-05	5.350733e-06
4.097409525346905e-09	-9.150506e-06	-5.341240e-06
4.136472025346905e-09	9.855872e-06	5.332821e-06
4.175534525346904e-09	-8.673145e-06	-5.323485e-06
4.214597025346904e-09	9.340177e-06	5.315169e-06
4.253659525346904e-09	-8.210085e-06	-5.305979e-06
4.292722025346903e-09	8.839909e-06	5.297758e-06
4.331784525346903e-09	-7.760935e-06	-5.288704e-06
4.370847025346903e-09	8.354646e-06	5.280569e-06
4.409909525346902e-09	-7.325311e-06	-5.271643e-06
4.448972025346902e-09	7.883975e-06	5.263586e-06
4.488034525346901e-09	-6.902841e-06	-5.254779e-06
4.527097025346901e-09	7.427496e-06	5.246793e-06
4.566159525346901e-09	-6.493161e-06	-5.238097e-06
4.605222025346900e-09	6.984818e-06	5.230176e-06
4.644284525346900e-09	-6.095915e-06	-5.221583e-06
4.683347025346900e-09	6.555560e-06	5.213720e-06
4.722409525346899e-09	-5.710760e-06	-5.205223e-06
4.761472025346899e-09	6.139349e-06	5.197413e-06
4.800534525346898e-09	-5.337358e-06	-5.189006e-06
4.839597025346898e-09	5.735825e-06	5.181244e-06
4.878659525346898e-09	-4.975381e-06	-5.172918e-06
4.917722025346897e-09	5.344632e-06	5.165199e-06
4.956784525346897e-09	-4.624510e-06	-5.156950e-06
4.995847025346897e-09	4.965429e-06	5.149268e-06
5.034909525346896e-09	-4.284434e-06	-5.141091e-06
5.073972025346896e-09	4.597879e-06	5.133442e-06
5.113034525346895e-09	-3.954849e-06	-5.125331e-06
5.152097025346895e-09	4.241657e-06	5.117712e-06
5.191159525346895e-09	-3.635461e-06	-5.109662e-06
5.230222025346894e-09	3.896444e-06	5.102069e-06
5.269284525346894e-09	-3.325982e-06	-5.094075e-06
5.308347025346894e-09	3.561930e-06	5.086504e-06
5.347409525346893e-09	-3.026131e-06	-5.078563e-06
5.386472025346893e-09	3.237814e-06	5.071011e-06
5.425534525346892e-09	-2.735636e-06	-5.063118e-06
5.464597025346892e-09	2.923803e-06	5.055582e-06
5.503659525346892e-09	-2.454232e-06	-5.047733e-06
5.542722025346891e-09	2.619610e-06	5.040211e-06
5.581784525346891e-09	-2.181661e-06	-5.032403e-06
5.620847025346891e-09	2.324957e-06	5.024892e-06
5.659909525346890e-09	-1.917670e-06	-5.017122e-06
5.698972025346890e-09	2.039574e-06	5.009619e-06
5.738034525346889e-09	-1.662016e-06	-5.001884e-06
5.750000000000000e-09	1.487209e-06	4.977197e-06
5.751196547465311e-09	-2.504760e-03	6.413992e-05
5.753589642395933e-09	-7.552859e-03	7.761450e-05
5.758375832257178e-09	-1.708388e-02	6.176717e-05
5.767476946050230e-09	-3.472752e-02	7.382376e-05
5.783187406144632e-09	-2.984246e-02	-8.869869e-05
5.801656401480185e-09	6.905535e-02	-2.789895e-04
5.821096106138255e-09	2.908388e-01	-5.157804e-04
5.850000000000000e-09	8.833703e-01	-9.645150e-04
5.852890389386175e-09	9.628383e-01	-1.039298e-03
5.858671168158524e-09	1.120424e+00	-1.049160e-03
5.870232725703223e-09	1.424683e+00	-1.022620e-03
5.890104663313379e-09	1.919692e+00	-9.986712e-04
5.929167163313379e-09	2.785086e+00	-8.755188e-04
5.968229663313378e-09	3.478648e+00	-6.802200e-04
6.007292163313378e-09	3.924040e+00	-5.446849e-04
6.039036841038751e-09	4.153372e+00	-4.372458e-04
6.065486310677964e-09	4.330267e+00	-3.403198e-04
6.095432997421529e-09	4.540174e+00	-2.112085e-04
6.126266203633896e-09	4.705836e+00	-1.518286e-04
6.160342851463735e-09	4.823434e+00	-7.674116e-05
6.199405351463735e-09	4.903097e+00	-5.708253e-05
6.238467851463735e-09	4.946507e+00	-1.716984e-05
6.277530351463734e-09	4.970902e+00	-2.360156e-05
6.316592851463734e-09	4.983772e+00	1.018303e-06
6.355655351463733e-09	4.991356e+00	-1.326173e-05
6.394717851463733e-09	4.995008e+00	6.385668e-06
6.433780351463733e-09	4.997512e+00	-9.999632e-06
6.472842851463732e-09	4.998389e+00	7.860066e-06
6.511905351463732e-09	4.999360e+00	-8.877617e-06
6.550967851463732e-09	4.999409e+00	8.164365e-06
6.590030351463731e-09	4.999912e+00	-8.401528e-06
6.629092851463731e-09	4.999719e+00	8.118526e-06
6.668155351463730e-09	5.000075e+00	-8.124203e-06
6.707217851463730e-09	4.999813e+00	7.971968e-06
6.746280351463730e-09	5.000121e+00	-7.911190e-06
6.785342851463729e-09	4.999841e+00	7.796580e-06
6.824405351463729e-09	5.000128e+00	-7.721039e-06
6.863467851463729e-09	4.999852e+00	7.616809e-06
6.902530351463728e-09	5.000127e+00	-7.537906e-06
6.941592851463728e-09	4.999857e+00	7.437965e-06
6.980655351463727e-09	5.000125e+00	-7.358908e-06
7.019717851463727e-09	4.999862e+00	7.261453e-06
7.058780351463727e-09	5.000122e+00	-7.183213e-06
7.097842851463726e-09	4.999866e+00	7.087713e-06
7.136905351463726e-09	5.000118e+00	-7.010596e-06
7.175967851463726e-09	4.999870e+00	6.916896e-06
7.215030351463725e-09	5.000115e+00	-6.841005e-06
7.254092851463725e-09	4.999873e+00	6.749060e-06
7.293155351463724e-09	5.000112e+00	-6.674434e-06
7.332217851463724e-09	4.999877e+00	6.584231e-06
7.371280351463724e-09	5.000109e+00	-6.510891e-06
7.410342851463723e-09	4.999880e+00	6.422423e-06
7.449405351463723e-09	5.000106e+00	-6.350378e-06
7.488467851463723e-09	4.999884e+00	6.263640e-06
7.527530351463722e-09	5.000103e+00	-6.192897e-06
7.566592851463722e-09	4.999887e+00	6.107880e-06
7.605655351463721e-09	5.000100e+00	-6.038444e-06
7.644717851463721e-09	4.999890e+00	5.955139e-06
7.683780351463721e-09	5.000097e+00	-5.887011e-06
7.722842851463720e-09	4.999893e+00	5.805407e-06
7.761905351463720e-09	5.000094e+00	-5.738584e-06
7.800967851463720e-09	4.999896e+00	5.658668e-06
7.840030351463719e-09	5.000092e+00	-5.593149e-06
7.879092851463719e-09	4.999899e+00	5.514906e-06
7.918155351463718e-09	5.000089e+00	-5.450685e-06
7.957217851463718e-09	4.999902e+00	5.374099e-06
7.996280351463718e-09	5.000087e+00	-5.311169e-06
8.035342851463717e-09	4.999904e+00	5.236223e-06
8.074405351463717e-09	5.000084e+00	-5.174577e-06
8.113467851463717e-09	4.999907e+00	5.101253e-06
8.152530351463716e-09	5.000082e+00	-5.040881e-06
8.191592851463716e-09	4.999909e+00	4.969159e-06
8.230655351463715e-09	5.000080e+00	-4.910050e-06
8.269717851463715e-09	4.999912e+00	4.839911e-06
8.308780351463715e-09	5.000078e+00	-4.782053e-06
8.347842851463714e-09	4.999915e+00	4.713474e-06
8.386905351463714e-09	5.000075e+00	-4.656856e-06
8.425967851463714e-09	4.999917e+00	4.589815e-06
8.465030351463713e-09	5.000073e+00	-4.534422e-06
8.504092851463713e-09	4.999919e+00	4.468898e-06
8.543155351463712e-09	5.000072e+00	-4.414715e-06
8.582217851463712e-09	4.999921e+00	4.350685e-06
8.621280351463712e-09	5.000069e+00	-4.297698e-06
8.660342851463711e-09	4.999924e+00	4.235138e-06
8.699405351463711e-09	5.000067e+00	-4.183330e-06
8.738467851463711e-09	4.999926e+00	4.122217e-06
8.777530351463710e-09	5.000066e+00	-4.071573e-06
8.816592851463710e-09	4.999928e+00	4.011881e-06
8.855655351463710e-09	5.000064e+00	-3.962384e-06
8.894717851463709e-09	4.999930e+00	3.904091e-06
8.933780351463709e-09	5.000062e+00	-3.855722e-06
8.972842851463708e-09	4.999932e+00	3.798803e-06
9.011905351463708e-09	5.000060e+00	-3.751547e-06
9.050967851463708e-09	4.999934e+00	3.695976e-06
9.090030351463707e-09	5.000059e+00	-3.649814e-06
9.129092851463707e-09	4.999935e+00	3.595568e-06
9.168155351463707e-09	5.000057e+00	-3.550482e-06
9.207217851463706e-09	4.999937e+00	3.497536e-06
9.246280351463706e-09	5.000055e+00	-3.453507e-06
9.285342851463705e-09	4.999939e+00	3.401837e-06
9.324405351463705e-09	5.000054e+00	-3.358847e-06
9.363467851463705e-09	4.999940e+00	3.308428e-06
9.402530351463704e-09	5.000052e+00	-3.266459e-06
9.441592851463704e-09	4.999942e+00	3.217265e-06
9.480655351463704e-09	5.000051e+00	-3.176299e-06
9.519717851463703e-09	4.999944e+00	3.128307e-06
9.558780351463703e-09	5.000050e+00	-3.088324e-06
9.597842851463702e-09	4.999945e+00	3.041510e-06
9.636905351463702e-09	5.000048e+00	-3.002492e-06
9.675967851463702e-09	4.999947e+00	2.956832e-06
9.715030351463701e-09	5.000047e+00	-2.918760e-06
9.754092851463701e-09	4.999948e+00	2.874230e-06
9.793155351463701e-09	5.000046e+00	-2.837086e-06
9.832217851463700e-09	4.999949e+00	2.793663e-06
9.871280351463700e-09	5.000044e+00	-2.757428e-06
9.910342851463699e-09	4.999951e+00	2.715087e-06
9.949405351463699e-09	5.000043e+00	-2.679744e-06
9.988467851463699e-09	4.999952e+00	2.638463e-06
1.002753035146370e-08	5.000042e+00	-2.603993e-06
1.006659285146370e-08	4.999954e+00	2.563749e-06
1.010565535146370e-08	5.000041e+00	-2.530134e-06
1.014471785146370e-08	4.999955e+00	2.490904e-06
1.018378035146370e-08	5.000040e+00	-2.458126e-06
1.022284285146370e-08	4.999956e+00	2.419888e-06
1.026190535146370e-08	5.000039e+00	-2.387929e-06
1.030096785146370e-08	4.999958e+00	2.350661e-06
1.034003035146370e-08	5.000038e+00	-2.319505e-06
1.037909285146369e-08	4.999959e+00	2.283185e-06
1.041815535146369e-08	5.000037e+00	-2.252814e-06
1.045721785146369e-08	4.999959e+00	2.217421e-06
1.049628035146369e-08	5.000036e+00	-2.187817e-06
1.053534285146369e-08	4.999961e+00	2.153331e-06
1.057440535146369e-08	5.000034e+00	-2.124478e-06
1.061346785146369e-08	4.999962e+00	2.090876e-06
1.065253035146369e-08	5.000033e+00	-2.062757e-06
1.069159285146369e-08	4.999963e+00	2.030021e-06
1.073065535146369e-08	5.000033e+00	-2.002620e-06
1.076971785146369e-08	4.999964e+00	1.970729e-06
1.080000000000000e-08	5.000031e+00	-1.935770e-06
1.080302821485363e-08	5.008144e+00	-8.263144e-05
1.080908464456089e-08	5.024666e+00	-9.050421e-05
1.082119750397542e-08	5.051650e+00	-5.390714e-05
1.083964203502352e-08	5.044859e+00	7.349779e-05
1.086400264594922e-08	4.935183e+00	2.124349e-04
1.088876131075387e-08	4.684159e+00	4.297468e-04
1.090000000000000e-08	4.509060e+00	5.489003e-04
1.090112386892461e-08	4.487895e+00	5.887500e-04
1.090337160677384e-08	4.445488e+00	6.001170e-04
1.090786708247229e-08	4.362395e+00	5.986126e-04
1.091685803386919e-08	4.208138e+00	6.236469e-04
1.093483993666299e-08	3.915235e+00	6.132545e-04
1.096291537629271e-08	3.476619e+00	6.291943e-04
1.100197787629271e-08	2.894587e+00	6.104038e-04
1.104104037629271e-08	2.348113e+00	6.147395e-04
1.108010287629271e-08	1.871971e+00	5.896100e-04
1.111916537629271e-08	1.471736e+00	5.547264e-04
1.114891652283807e-08	1.211278e+00	4.796941e-04
1.118294318732651e-08	9.097433e-01	3.591099e-04
1.121915808773207e-08	6.383174e-01	2.691240e-04
1.125695268909390e-08	4.201516e-01	1.677621e-04
1.129601518909390e-08	2.653232e-01	1.204943e-04
1.133507768909390e-08	1.666530e-01	6.455566e-05
1.137414018909390e-08	1.039867e-01	5.251178e-05
1.141320268909390e-08	6.508661e-02	2.124210e-05
1.145226518909390e-08	4.029591e-02	2.471650e-05
1.149132768909390e-08	2.530076e-02	4.127326e-06
1.153039018909390e-08	1.549993e-02	1.365783e-05
1.156945268909390e-08	9.860133e-03	-2.420496e-06
1.160851518909390e-08	5.907434e-03	9.239436e-06
1.164757768909390e-08	3.889748e-03	-4.832523e-06
1.168664018909390e-08	2.203256e-03	7.407485e-06
1.172570268909390e-08	1.580453e-03	-5.644621e-06
1.176476518909390e-08	7.751255e-04	6.581167e-06
1.180382768909390e-08	6.867314e-04	-5.841099e-06
1.184289018909390e-08	2.255842e-04	6.146115e-06
1.188195268909390e-08	3.382846e-04	-5.803917e-06
1.192101518909390e-08	1.534450e-05	5.866372e-06
1.196007768909390e-08	2.014471e-04	-5.679558e-06
1.199914018909390e-08	-6.354700e-05	5.651504e-06
1.203820268909390e-08	1.474821e-04	-5.526737e-06
1.207726518909390e-08	-9.123163e-05	5.466142e-06
1.211632768909390e-08	1.249683e-04	-5.366502e-06
1.215539018909390e-08	-9.956845e-05	5.295167e-06
1.219445268909390e-08	1.152872e-04	-5.205681e-06
1.223351518909389e-08	-9.909798e-05	5.133366e-06
1.227257768909389e-08	1.102248e-04	-5.048372e-06
1.231164018909389e-08	-9.699390e-05	4.977158e-06
1.235070268909389e-08	1.062416e-04	-4.895420e-06
1.238976518909389e-08	-9.436777e-05	4.825936e-06
1.242882768909389e-08	1.027422e-04	-4.746929e-06
1.246789018909389e-08	-9.159825e-05	4.679377e-06
1.250695268909389e-08	9.949054e-05	-4.602855e-06
1.254601518909389e-08	-8.882893e-05	4.537276e-06
1.258507768909389e-08	9.639385e-05	-4.463102e-06
1.262414018909389e-08	-8.611325e-05	4.399474e-06
1.266320268909389e-08	9.341467e-05	-4.327554e-06
1.270226518909389e-08	-8.347005e-05	4.265833e-06
1.274132768909389e-08	9.053676e-05	-4.196089e-06
1.278039018909389e-08	-8.090497e-05	4.136224e-06
1.281945268909389e-08	8.775213e-05	-4.068589e-06
1.285851518909389e-08	-7.841857e-05	4.010526e-06
1.289757768909389e-08	8.505602e-05	-3.944934e-06
1.293664018909389e-08	-7.600955e-05	3.888621e-06
1.297570268909389e-08	8.244493e-05	-3.825010e-06
1.301476518909389e-08	-7.367592e-05	3.770396e-06
1.305382768909389e-08	7.991594e-05	-3.708707e-06
1.309289018909389e-08	-7.141550e-05	3.655739e-06
1.313195268909389e-08	7.746635e-05	-3.595913e-06
1.317101518909389e-08	-6.922604e-05	3.544543e-06
1.321007768909389e-08	7.509365e-05	-3.486525e-06
1.324914018909389e-08	-6.710535e-05	3.436705e-06
1.328820268909388e-08	7.279541e-05	-3.380441e-06
1.332726518909388e-08	-6.505127e-05	3.332124e-06
1.336632768909388e-08	7.056928e-05	-3.277559e-06
1.340539018909388e-08	-6.306170e-05	3.230701e-06
1.344445268909388e-08	6.841300e-05	-3.177786e-06
1.348351518909388e-08	-6.113463e-05	3.132342e-06
1.352257768909388e-08	6.632438e-05	-3.081026e-06
1.356164018909388e-08	-5.926810e-05	3.036954e-06
1.360070268909388e-08	6.430130e-05	-2.987189e-06
1.363976518909388e-08	-5.746018e-05	2.944448e-06
1.367882768909388e-08	6.234171e-05	-2.896187e-06
1.371789018909388e-08	-5.570906e-05	2.854736e-06
1.375695268909388e-08	6.044360e-05	-2.807934e-06
1.379601518909388e-08	-5.401293e-05	2.767735e-06
1.383507768909388e-08	5.860504e-05	-2.722348e-06
1.387414018909388e-08	-5.237007e-05	2.683363e-06
1.391320268909388e-08	5.682418e-05	-2.639347e-06
1.395226518909388e-08	-5.077881e-05	2.601540e-06
1.399132768909388e-08	5.509920e-05	-2.558854e-06
1.403039018909388e-08	-4.923751e-05	2.522188e-06
1.406945268909388e-08	5.342834e-05	-2.480792e-06
1.410851518909388e-08	-4.774462e-05	2.445234e-06
1.414757768909388e-08	5.180990e-05	-2.405089e-06
1.418664018909388e-08	-4.629860e-05	2.370605e-06
1.422570268909388e-08	5.024223e-05	-2.331672e-06
1.426476518909388e-08	-4.489799e-05	2.298229e-06
1.430382768909387e-08	4.872376e-05	-2.260473e-06
1.434289018909387e-08	-4.354135e-05	2.228040e-06
1.438195268909387e-08	4.725291e-05	-2.191424e-06
1.442101518909387e-08	-4.222730e-05	2.159970e-06
1.446007768909387e-08	4.582821e-05	-2.124459e-06
1.449914018909387e-08	-4.095450e-05	2.093955e-06
1.453820268909387e-08	4.444820e-05	-2.059516e-06
1.457726518909387e-08	-3.972165e-05	2.029933e-06
1.461632768909387e-08	4.311147e-05	-1.996534e-06
1.465539018909387e-08	-3.852749e-05	1.967843e-06
1.469445268909387e-08	4.181666e-05	-1.935452e-06
1.473351518909387e-08	-3.737081e-05	1.907627e-06
1.477257768909387e-08	4.056247e-05	-1.876212e-06
1.481164018909387e-08	-3.625043e-05	1.849227e-06
1.485070268909387e-08	3.934760e-05	-1.818759e-06
1.488976518909387e-08	-3.516519e-05	1.792589e-06
1.492882768909387e-08	3.817083e-05	-1.763039e-06
1.496789018909387e-08	-3.411401e-05	1.737657e-06
1.500695268909387e-08	3.703095e-05	-1.708998e-06
1.504601518909387e-08	-3.309580e-05	1.684382e-06
1.508507768909387e-08	3.592681e-05	-1.656585e-06
1.512414018909387e-08	-3.210953e-05	1.632711e-06
1.516320268909387e-08	3.485727e-05	-1.605752e-06
1.520226518909387e-08	-3.115418e-05	1.582596e-06
1.524132768909387e-08	3.382126e-05	-1.556448e-06
1.528039018909387e-08	-3.022880e-05	1.533990e-06
1.531945268909387e-08	3.281772e-05	-1.508628e-06
1.535851518909386e-08	-2.933242e-05	1.486847e-06
1.539757768909386e-08	3.184563e-05	-1.462247e-06
1.543664018909386e-08	-2.846415e-05	1.441121e-06
1.547570268909386e-08	3.090398e-05	-1.417260e-06
1.551476518909386e-08	-2.762309e-05	1.396770e-06
1.555382768909386e-08	2.999184e-05	-1.373626e-06
1.559289018909386e-08	-2.680839e-05	1.353751e-06
1.563195268909386e-08	2.910827e-05	-1.331301e-06
1.567101518909386e-08	-2.601921e-05	1.312024e-06
1.571007768909386e-08	2.825237e-05	-1.290247e-06
1.574914018909386e-08	-2.525475e-05	1.271549e-06
1.578820268909386e-08	2.742326e-05	-1.250425e-06
1.582726518909386e-08	-2.451424e-05	1.232288e-06
1.586632768909386e-08	2.662012e-05	-1.211796e-06
1.590539018909386e-08	-2.379692e-05	1.194204e-06
1.594445268909386e-08	2.584211e-05	-1.174325e-06
1.598351518909386e-08	-2.310205e-05	1.157260e-06
1.602257768909386e-08	2.508845e-05	-1.137975e-06
1.605000000000000e-08	-2.222055e-05	1.114016e-06
1.605274223109061e-08	-5.686416e-03	6.760284e-05
1.605822669327184e-08	-1.672829e-02	7.114610e-05
1.606919561763430e-08	-3.638414e-02	5.552683e-05
1.608737197775420e-08	-1.531889e-02	-1.297094e-04
1.610968269289666e-08	1.452287e-01	-3.679552e-04
1.613289839257329e-08	5.065947e-01	-7.174293e-04
1.615000000000000e-08	9.001322e-01	-9.741291e-04
1.615171016074267e-08	9.471273e-01	-1.035969e-03
1.615513048222802e-08	1.040925e+00	-1.054206e-03
1.616197112519870e-08	1.224513e+00	-1.031361e-03
1.617492406123511e-08	1.559295e+00	-1.027272e-03
1.620082993330794e-08	2.186280e+00	-9.608874e-04
1.623989243330794e-08	3.006084e+00	-8.351162e-04
1.627895493330794e-08	3.634766e+00	-6.191722e-04
1.631801743330794e-08	4.016630e+00	-5.212842e-04
1.634536496059726e-08	4.195672e+00	-4.052699e-04
1.637170387014402e-08	4.379814e+00	-3.146492e-04
1.639972254103418e-08	4.571018e+00	-1.945443e-04
1.643284000538409e-08	4.735824e+00	-1.392391e-04
1.646824190510448e-08	4.844975e+00	-6.509854e-05
1.650730440510448e-08	4.915021e+00	-5.222350e-05
1.654636690510448e-08	4.953053e+00	-1.330181e-05
1.658542940510448e-08	4.974512e+00	-2.216205e-05
1.662449190510448e-08	4.985744e+00	2.052000e-06
1.666355440510448e-08	4.992461e+00	-1.248183e-05
1.670261690510448e-08	4.995595e+00	6.168957e-06
1.674167940510448e-08	4.997852e+00	-9.054606e-06
1.678074190510448e-08	4.998540e+00	6.887919e-06
1.681980440510448e-08	4.999444e+00	-7.546000e-06
1.685886690510448e-08	4.999430e+00	6.635225e-06
1.689792940510448e-08	4.999936e+00	-6.615602e-06
1.693699190510448e-08	4.999710e+00	6.105680e-06
1.697605440510448e-08	5.000086e+00	-5.888175e-06
1.701511690510448e-08	4.999797e+00	5.513103e-06
1.705417940510447e-08	5.000128e+00	-5.245747e-06
1.709324190510447e-08	4.999826e+00	4.921241e-06
1.713230440510447e-08	5.000138e+00	-4.648126e-06
1.717136690510447e-08	4.999838e+00	4.347906e-06
1.721042940510447e-08	5.000139e+00	-4.081722e-06
1.724949190510447e-08	4.999845e+00	3.797534e-06
1.728855440510447e-08	5.000136e+00	-3.541643e-06
1.732761690510447e-08	4.999849e+00	3.270624e-06
1.736667940510447e-08	5.000133e+00	-3.025635e-06
1.740574190510447e-08	4.999854e+00	2.766546e-06
1.744480440510447e-08	5.000129e+00	-2.532269e-06
1.748386690510447e-08	4.999857e+00	2.284375e-06
1.752292940510447e-08	5.000126e+00	-2.060402e-06
1.756199190510447e-08	4.999862e+00	1.823136e-06
1.760105440510447e-08	5.000122e+00	-1.609013e-06
1.764011690510447e-08	4.999866e+00	1.381876e-06
1.767917940510447e-08	5.000119e+00	-1.177150e-06
1.771824190510447e-08	4.999869e+00	9.596816e-07
1.775730440510447e-08	5.000115e+00	-7.639185e-07
1.779636690510447e-08	4.999873e+00	5.556830e-07
1.783542940510447e-08	5.000112e+00	-3.684692e-07
1.787449190510447e-08	4.999876e+00	1.690548e-07
1.791355440510447e-08	5.000109e+00	1.000247e-08
1.795261690510447e-08	4.999880e+00	-2.009868e-07
1.799167940510447e-08	5.000106e+00	3.722604e-07
1.803074190510447e-08	4.999884e+00	-5.551863e-07
1.806980440510446e-08	5.000103e+00	7.190301e-07
1.810886690510446e-08	4.999887e+00	-8.942505e-07
1.814792940510446e-08	5.000100e+00	1.051000e-06
1.818699190510446e-08	4.999890e+00	-1.218851e-06
1.822605440510446e-08	5.000097e+00	1.368826e-06
1.826511690510446e-08	4.999894e+00	-1.529625e-06
1.830417940510446e-08	5.000094e+00	1.673128e-06
1.834324190510446e-08	4.999897e+00	-1.827180e-06
1.838230440510446e-08	5.000091e+00	1.964498e-06
1.842136690510446e-08	4.999901e+00	-2.110771e-06
1.846042940510446e-08	5.000091e+00	2.245537e-06
1.849949190510446e-08	4.999907e+00	-2.382153e-06
1.853855440510446e-08	5.000090e+00	2.513207e-06
1.857761690510446e-08	4.999910e+00	-2.642872e-06
1.861667940510446e-08	5.000088e+00	2.768967e-06
1.865574190510446e-08	4.999914e+00	-2.892790e-06
1.869480440510446e-08	5.000085e+00	3.013718e-06
1.873386690510446e-08	4.999916e+00	-3.132189e-06
1.877292940510446e-08	5.000081e+00	3.246992e-06
1.881199190510446e-08	4.999917e+00	-3.363359e-06
1.885105440510446e-08	5.000076e+00	3.470318e-06
1.889011690510446e-08	4.999918e+00	-3.583659e-06
1.892917940510446e-08	5.000073e+00	3.685060e-06
1.896824190510446e-08	4.999920e+00	-3.794197e-06
1.900730440510446e-08	5.000071e+00	3.890952e-06
1.904636690510446e-08	4.999923e+00	-3.995669e-06
1.908542940510446e-08	5.000068e+00	4.088175e-06
1.912449190510445e-08	4.999925e+00	-4.188535e-06
1.916355440510445e-08	5.000066e+00	4.277030e-06
1.920261690510445e-08	4.999928e+00	-4.373175e-06
1.924167940510445e-08	5.000064e+00	4.457845e-06
1.928074190510445e-08	4.999930e+00	-4.549934e-06
1.931980440510445e-08	5.000062e+00	4.630941e-06
1.935886690510445e-08	4.999932e+00	-4.719132e-06
1.939792940510445e-08	5.000060e+00	4.796630e-06
1.943699190510445e-08	4.999935e+00	-4.881078e-06
1.947605440510445e-08	5.000058e+00	4.955210e-06
1.951511690510445e-08	4.999937e+00	-5.036060e-06
1.955417940510445e-08	5.000055e+00	5.106964e-06
1.959324190510445e-08	4.999939e+00	-5.184359e-06
1.963230440510445e-08	5.000053e+00	5.252165e-06
1.967136690510445e-08	4.999941e+00	-5.326239e-06
1.971042940510445e-08	5.000051e+00	5.391072e-06
1.974949190510445e-08	4.999943e+00	-5.461954e-06
1.978855440510445e-08	5.000050e+00	5.523932e-06
1.982761690510445e-08	4.999945e+00	-5.591745e-06
1.986667940510445e-08	5.000048e+00	5.650983e-06
1.990574190510445e-08	4.999948e+00	-5.715844e-06
1.994480440510445e-08	5.000046e+00	5.772450e-06
1.998386690510445e-08	4.999949e+00	-5.834472e-06
2.002292940510445e-08	5.000044e+00	5.888549e-06
2.006199190510445e-08	4.999951e+00	-5.947840e-06
2.010105440510445e-08	5.000043e+00	5.999488e-06
2.014011690510445e-08	4.999953e+00	-6.056151e-06
2.017917940510444e-08	5.000041e+00	6.105463e-06
2.021824190510444e-08	4.999955e+00	-6.159597e-06
2.025730440510444e-08	5.000040e+00	6.206665e-06
2.029636690510444e-08	4.999957e+00	-6.258364e-06
2.033542940510444e-08	5.000038e+00	6.303273e-06
2.037449190510444e-08	4.999958e+00	-6.352628e-06
2.041355440510444e-08	5.000037e+00	6.395461e-06
2.045261690510444e-08	4.999960e+00	-6.442559e-06
2.049167940510444e-08	5.000035e+00	6.483396e-06
2.053074190510444e-08	4.999961e+00	-6.528319e-06
2.056980440510444e-08	5.000034e+00	6.567235e-06
2.060886690510444e-08	4.999963e+00	-6.610064e-06
2.064792940510444e-08	5.000032e+00	6.647132e-06
2.068699190510444e-08	4.999965e+00	-6.687942e-06
2.072605440510444e-08	5.000031e+00	6.723231e-06
2.076511690510444e-08	4.999966e+00	-6.762097e-06
2.080417940510444e-08	5.000030e+00	6.795673e-06
2.084324190510444e-08	4.999968e+00	-6.832664e-06
2.088230440510444e-08	5.000029e+00	6.864593e-06
2.092136690510444e-08	4.999969e+00	-6.899777e-06
2.096042940510444e-08	5.000027e+00	6.930117e-06
2.099949190510444e-08	4.999970e+00	-6.963559e-06
2.103855440510444e-08	5.000026e+00	6.992370e-06
2.107761690510444e-08	4.999971e+00	-7.024132e-06
2.110000000000000e-08	5.000024e+00	7.072524e-06
2.110223830948956e-08	5.005970e+00	-8.102843e-05
2.110671492846867e-08	5.018430e+00	-9.477856e-05
2.111566816642690e-08	5.042242e+00	-7.622626e-05
2.113207389642652e-08	5.057767e+00	1.234310e-05
2.115570128507738e-08	4.986214e+00	1.786396e-04
2.118127282247622e-08	4.778771e+00	3.369566e-04
2.120000000000000e-08	4.507326e+00	5.746076e-04
2.120187271775238e-08	4.472033e+00	5.920075e-04
2.120561815325714e-08	4.401853e+00	6.006412e-04
2.121310902426665e-08	4.269526e+00	6.128771e-04
2.122809076628568e-08	4.022466e+00	6.209518e-04
2.125805425032374e-08	3.549659e+00	6.205995e-04
2.129633457334765e-08	2.975390e+00	6.200557e-04
2.133539707334765e-08	2.422997e+00	6.079132e-04
2.137445957334765e-08	1.933662e+00	5.997540e-04
2.141352207334765e-08	1.523121e+00	5.567941e-04
2.144381018343788e-08	1.257360e+00	5.039432e-04
2.147868455161965e-08	9.450568e-01	3.637327e-04
2.151068585300765e-08	6.952330e-01	2.991633e-04
2.154974835300764e-08	4.557248e-01	1.746122e-04
2.158881085300764e-08	2.882585e-01	1.368089e-04
2.162787335300764e-08	1.815738e-01	6.420159e-05
2.166693585300764e-08	1.131835e-01	6.289618e-05
2.170599835300764e-08	7.099564e-02	1.754439e-05
2.174506085300764e-08	4.384065e-02	3.234617e-05
2.178412335300764e-08	2.764884e-02	-7.599215e-07
2.182318585300764e-08	1.682382e-02	1.998447e-05
2.186224835300764e-08	1.082025e-02	-7.580509e-06
2.190131085300764e-08	6.371546e-03	1.486276e-05
2.194037335300764e-08	4.308587e-03	-9.909738e-06
2.197943585300764e-08	2.336403e-03	1.257210e-05
2.201849835300764e-08	1.788179e-03	-1.050743e-05
2.205756085300764e-08	7.817182e-04	1.138914e-05
2.209662335300764e-08	8.112353e-04	-1.044527e-05
2.213568585300764e-08	1.849970e-04	1.064394e-05
2.217474835300764e-08	4.287172e-04	-1.013951e-05
2.221381085300764e-08	-4.170470e-05	1.008014e-05
2.225287335300764e-08	2.779025e-04	-9.750603e-06
2.229193585300764e-08	-1.249797e-04	9.598512e-06
2.233099835300764e-08	2.172926e-04	-9.341457e-06
2.237006085300764e-08	-1.538625e-04	9.157992e-06
2.240912335300764e-08	1.885853e-04	-8.935162e-06
2.244818585300764e-08	-1.622771e-04	8.743067e-06
2.248724835300764e-08	1.739297e-04	-8.538023e-06
2.252631085300764e-08	-1.620426e-04	8.346952e-06
2.256537335300763e-08	1.648878e-04	-8.153008e-06
2.260443585300763e-08	-1.586031e-04	7.966514e-06
2.264349835300763e-08	1.581172e-04	-7.780945e-06
2.268256085300763e-08	-1.540426e-04	7.600246e-06
2.272162335300763e-08	1.523287e-04	-7.421859e-06
2.276068585300763e-08	-1.491583e-04	7.247278e-06
2.279974835300763e-08	1.470233e-04	-7.075472e-06
2.283881085300763e-08	-1.442532e-04	6.906995e-06
2.287787335300763e-08	1.420055e-04	-6.741403e-06
2.291693585300763e-08	-1.394403e-04	6.578890e-06
2.295599835300763e-08	1.371968e-04	-6.419240e-06
2.299506085300763e-08	-1.347597e-04	6.262509e-06
2.303412335300763e-08	1.325638e-04	-6.108570e-06
2.307318585300763e-08	-1.302235e-04	5.957426e-06
2.311224835300763e-08	1.280904e-04	-5.808986e-06
2.315131085300763e-08	-1.248278e-04	5.664166e-06
2.319037335300763e-08	1.265195e-04	-5.518256e-06
2.322943585300763e-08	-1.176463e-04	5.381727e-06
2.326849835300763e-08	1.241813e-04	-5.238740e-06
2.330756085300763e-08	-1.124666e-04	5.108446e-06
2.334662335300763e-08	1.207218e-04	-4.969682e-06
2.338568585300763e-08	-1.081997e-04	4.844573e-06
2.342474835300763e-08	1.169234e-04	-4.710418e-06
2.346381085300763e-08	-1.043591e-04	4.589990e-06
2.350287335300763e-08	1.130764e-04	-4.460487e-06
2.354193585300763e-08	-1.007551e-04	4.344450e-06
2.358099835300763e-08	1.092895e-04	-4.219513e-06
2.362006085300762e-08	-9.731232e-05	4.107665e-06
2.365912335300762e-08	1.056019e-04	-3.987162e-06
2.369818585300762e-08	-9.399954e-05	3.879336e-06
2.373724835300762e-08	1.020262e-04	-3.763122e-06
2.377631085300762e-08	-9.080247e-05	3.659167e-06
2.381537335300762e-08	9.856474e-05	-3.547096e-06
2.385443585300762e-08	-8.771345e-05	3.446872e-06
2.389349835300762e-08	9.521606e-05	-3.338799e-06
2.393256085300762e-08	-8.472740e-05	3.242171e-06
2.397162335300762e-08	9.197732e-05	-3.137957e-06
2.401068585300762e-08	-8.184034e-05	3.044798e-06
2.404974835300762e-08	8.884523e-05	-2.944305e-06
2.408881085300762e-08	-7.904876e-05	2.854492e-06
2.412787335300762e-08	8.581639e-05	-2.757590e-06
2.416693585300762e-08	-7.634942e-05	2.671003e-06
2.420599835300762e-08	8.288743e-05	-2.577565e-06
2.424506085300762e-08	-7.373921e-05	2.494091e-06
2.428412335300762e-08	8.005506e-05	-2.403995e-06
2.432318585300762e-08	-7.121518e-05	2.323523e-06
2.436224835300762e-08	7.731610e-05	-2.236652e-06
2.440131085300762e-08	-6.877446e-05	2.159076e-06
2.444037335300762e-08	7.466746e-05	-2.075316e-06
2.447943585300762e-08	-6.641429e-05	2.000533e-06
2.451849835300762e-08	7.210614e-05	-1.919774e-06
2.455756085300762e-08	-6.413199e-05	1.847685e-06
2.459662335300762e-08	6.962927e-05	-1.769823e-06
2.463568585300762e-08	-6.192499e-05	1.700333e-06
2.467474835300761e-08	6.723405e-05	-1.625265e-06
2.471381085300761e-08	-5.979080e-05	1.558283e-06
2.475287335300761e-08	6.491778e-05	-1.485911e-06
2.479193585300761e-08	-5.772700e-05	1.421347e-06
2.483099835300761e-08	6.267786e-05	-1.351577e-06
2.487006085300761e-08	-5.573126e-05	1.289347e-06
2.490912335300761e-08	6.051176e-05	-1.222087e-06
2.494818585300761e-08	-5.380134e-05	1.162107e-06
2.498724835300761e-08	5.841704e-05	-1.097270e-06
2.502631085300761e-08	-5.193505e-05	1.039462e-06
2.506537335300761e-08	5.639136e-05	-9.769622e-07
2.510443585300761e-08	-5.013030e-05	9.212487e-07
2.514349835300761e-08	5.443242e-05	-8.610046e-07
2.518256085300761e-08	-4.838505e-05	8.073122e-07
2.522162335300761e-08	5.253803e-05	-7.492447e-07
2.526068585300761e-08	-4.669734e-05	6.975022e-07
2.529974835300761e-08	5.070605e-05	-6.415352e-07
2.533881085300761e-08	-4.506526e-05	5.916739e-07
2.537787335300761e-08	4.893444e-05	-5.377339e-07
2.541693585300761e-08	-4.348697e-05	4.896876e-07
2.545599835300761e-08	4.722119e-05	-4.377036e-07
2.549506085300761e-08	-4.196071e-05	3.914086e-07
2.553412335300761e-08	4.556440e-05	-3.413124e-07
2.557318585300761e-08	-4.048476e-05	2.967070e-07
2.561224835300761e-08	4.396218e-05	-2.484325e-07
2.565131085300761e-08	-3.905746e-05	2.054574e-07
2.569037335300761e-08	4.241275e-05	-1.589410e-07
2.572943585300760e-08	-3.767719e-05	1.175389e-07
2.576849835300760e-08	4.091437e-05	-7.271933e-08
2.580756085300760e-08	-3.634243e-05	3.283501e-08
2.584662335300760e-08	3.946536e-05	1.034702e-08
2.588568585300760e-08	-3.505165e-05	-4.876680e-08
2.592474835300760e-08	3.806409e-05	9.036840e-08
2.596381085300760e-08	-3.380342e-05	-1.273750e-07
2.600287335300760e-08	3.670899e-05	1.674513e-07
2.604193585300760e-08	-3.259633e-05	-2.030943e-07
2.608099835300760e-08	3.539854e-05	2.416984e-07
2.612006085300760e-08	-3.142902e-05	-2.760256e-07
2.615912335300760e-08	3.413127e-05	3.132088e-07
2.619818585300760e-08	-3.030020e-05	-3.462663e-07
2.623724835300760e-08	3.290576e-05	3.820782e-07
2.627631085300760e-08	-2.920859e-05	-4.139103e-07
2.631537335300760e-08	3.172064e-05	4.483986e-07
2.635000000000000e-08	-2.805407e-05	-4.831111e-07
2.635303063946973e-08	-6.264471e-03	6.778774e-05
2.635909191840918e-08	-1.837138e-02	7.017913e-05
2.637121447628810e-08	-3.788566e-02	4.432564e-05
2.638678401176412e-08	-1.703658e-02	-1.304482e-04
2.640736026609435e-08	1.216681e-01	-3.353667e-04
2.643286599212148e-08	5.084253e-01	-7.218825e-04
2.645000000000001e-08	9.024327e-01	-9.694591e-04
2.645171340078786e-08	9.494845e-01	-1.035205e-03
2.645514020236356e-08	1.043425e+00	-1.054602e-03
2.646199380551497e-08	1.227300e+00	-1.030809e-03
2.647459408735122e-08	1.553045e+00	-1.028016e-03
2.649979465102370e-08	2.164305e+00	-9.628818e-04
2.653885715102370e-08	2.987918e+00	-8.403626e-04
2.657791965102370e-08	3.622640e+00	-6.223520e-04
2.661698215102370e-08	4.009428e+00	-5.247931e-04
2.664454181207320e-08	4.191036e+00	-4.071136e-04
2.667081999770243e-08	4.374000e+00	-3.191993e-04
2.669890892376163e-08	4.566572e+00	-1.953585e-04
2.673168672356942e-08	4.731546e+00	-1.425585e-04
2.676688480025032e-08	4.841916e+00	-6.530595e-05
2.680594730025031e-08	4.913332e+00	-5.430117e-05
2.684500980025031e-08	4.952123e+00	-1.252076e-05
2.688407230025031e-08	4.974002e+00	-2.363994e-05
2.692313480025031e-08	4.985463e+00	3.126058e-06
2.696219730025031e-08	4.992309e+00	-1.375795e-05
2.700125980025031e-08	4.995510e+00	7.315135e-06
2.704032230025031e-08	4.997807e+00	-1.025351e-05
2.707938480025031e-08	4.998531e+00	8.058819e-06
2.711844730025031e-08	4.999457e+00	-8.692775e-06
2.715750980025031e-08	4.999436e+00	7.781012e-06
2.719657230025031e-08	4.999941e+00	-7.745016e-06
2.723563480025031e-08	4.999711e+00	7.227665e-06
2.727469730025031e-08	5.000088e+00	-6.998286e-06
2.731375980025031e-08	4.999797e+00	6.614128e-06
2.735282230025031e-08	5.000130e+00	-6.336612e-06
2.739188480025031e-08	4.999825e+00	6.002789e-06
2.743094730025031e-08	5.000140e+00	-5.720342e-06
2.747000980025031e-08	4.999837e+00	5.411036e-06
2.750907230025031e-08	5.000140e+00	-5.136063e-06
2.754813480025031e-08	4.999843e+00	4.843145e-06
2.758719730025031e-08	5.000137e+00	-4.578907e-06
2.762625980025031e-08	4.999848e+00	4.299532e-06
2.766532230025031e-08	5.000134e+00	-4.046592e-06
2.770438480025031e-08	4.999852e+00	3.779512e-06
2.774344730025031e-08	5.000131e+00	-3.537653e-06
2.778250980025031e-08	4.999856e+00	3.282115e-06
2.782157230025031e-08	5.000127e+00	-3.050904e-06
2.786063480025030e-08	4.999860e+00	2.806323e-06
2.789969730025030e-08	5.000124e+00	-2.585284e-06
2.793875980025030e-08	4.999864e+00	2.351144e-06
2.797782230025030e-08	5.000120e+00	-2.139808e-06
2.801688480025030e-08	4.999867e+00	1.915628e-06
2.805594730025030e-08	5.000117e+00	-1.713544e-06
2.809500980025030e-08	4.999871e+00	1.498874e-06
2.813407230025030e-08	5.000113e+00	-1.305610e-06
2.817313480025030e-08	4.999875e+00	1.100021e-06
2.821219730025030e-08	5.000111e+00	-9.151699e-07
2.825125980025030e-08	4.999878e+00	7.182582e-07
2.829032230025030e-08	5.000107e+00	-5.414318e-07
2.832938480025030e-08	4.999882e+00	3.528110e-07
2.836844730025030e-08	5.000104e+00	-1.836422e-07
2.840750980025030e-08	4.999885e+00	2.946270e-09
2.844657230025030e-08	5.000101e+00	1.589137e-07
2.848563480025030e-08	4.999888e+00	-3.320325e-07
2.852469730025030e-08	5.000098e+00	4.869146e-07
2.856375980025030e-08	4.999892e+00	-6.527870e-07
2.860282230025030e-08	5.000095e+00	8.010055e-07
2.864188480025030e-08	4.999895e+00	-9.599457e-07
2.868094730025030e-08	5.000093e+00	1.101799e-06
2.872000980025030e-08	4.999899e+00	-1.252759e-06
2.875907230025030e-08	5.000093e+00	1.391957e-06
2.879813480025030e-08	4.999905e+00	-1.533022e-06
2.883719730025030e-08	5.000092e+00	1.668392e-06
2.887625980025029e-08	4.999909e+00	-1.802325e-06
2.891532230025029e-08	5.000089e+00	1.932597e-06
2.895438480025029e-08	4.999912e+00	-2.060533e-06
2.899344730025029e-08	5.000087e+00	2.185497e-06
2.903250980025029e-08	4.999914e+00	-2.309083e-06
2.907157230025029e-08	5.000082e+00	2.425864e-06
2.911063480025029e-08	4.999914e+00	-2.547419e-06
2.914969730025029e-08	5.000077e+00	2.657389e-06
2.918875980025029e-08	4.999916e+00	-2.774941e-06
2.922782230025029e-08	5.000075e+00	2.879676e-06
2.926688480025029e-08	4.999918e+00	-2.992651e-06
2.930594730025029e-08	5.000072e+00	3.092759e-06
2.934500980025029e-08	4.999921e+00	-3.201126e-06
2.938407230025029e-08	5.000070e+00	3.296916e-06
2.942313480025029e-08	4.999923e+00	-3.400799e-06
2.946219730025029e-08	5.000068e+00	3.492487e-06
2.950125980025029e-08	4.999926e+00	-3.592048e-06
2.954032230025029e-08	5.000065e+00	3.679817e-06
2.957938480025029e-08	4.999928e+00	-3.775225e-06
2.961844730025029e-08	5.000063e+00	3.859241e-06
2.965750980025029e-08	4.999930e+00	-3.950662e-06
2.969657230025029e-08	5.000061e+00	4.031081e-06
2.973563480025029e-08	4.999933e+00	-4.118673e-06
2.977469730025029e-08	5.000059e+00	4.195644e-06
2.981375980025029e-08	4.999935e+00	-4.279559e-06
2.985282230025029e-08	5.000057e+00	4.353224e-06
2.989188480025029e-08	4.999937e+00	-4.433606e-06
2.993094730025029e-08	5.000055e+00	4.504100e-06
2.997000980025029e-08	4.999939e+00	-4.581088e-06
3.000907230025029e-08	5.000053e+00	4.648539e-06
3.004813480025029e-08	4.999941e+00	-4.722267e-06
3.008719730025029e-08	5.000051e+00	4.786797e-06
3.012625980025029e-08	4.999944e+00	-4.857390e-06
3.016532230025029e-08	5.000050e+00	4.919117e-06
3.020438480025029e-08	4.999946e+00	-4.986696e-06
3.024344730025029e-08	5.000048e+00	5.045732e-06
3.028250980025028e-08	4.999948e+00	-5.110413e-06
3.032157230025028e-08	5.000046e+00	5.166863e-06
3.036063480025028e-08	4.999949e+00	-5.228757e-06
3.039969730025028e-08	5.000044e+00	5.282724e-06
3.043875980025028e-08	4.999951e+00	-5.341937e-06
3.047782230025028e-08	5.000043e+00	5.393517e-06
3.051688480025028e-08	4.999953e+00	-5.450150e-06
3.055594730025028e-08	5.000041e+00	5.499438e-06
3.059500980025028e-08	4.999955e+00	-5.553587e-06
3.063407230025028e-08	5.000040e+00	5.600671e-06
3.067313480025028e-08	4.999957e+00	-5.652430e-06
3.071219730025028e-08	5.000038e+00	5.697394e-06
3.075125980025028e-08	4.999958e+00	-5.746852e-06
3.079032230025028e-08	5.000037e+00	5.789778e-06
3.082938480025028e-08	4.999959e+00	-5.837020e-06
3.086844730025028e-08	5.000035e+00	5.877985e-06
3.090750980025028e-08	4.999961e+00	-5.923093e-06
3.094657230025028e-08	5.000034e+00	5.962172e-06
3.098563480025028e-08	4.999963e+00	-6.005223e-06
3.102469730025028e-08	5.000032e+00	6.042488e-06
3.106375980025028e-08	4.999964e+00	-6.083558e-06
3.110282230025028e-08	5.000031e+00	6.119076e-06
3.114188480025028e-08	4.999966e+00	-6.158237e-06
3.118094730025028e-08	5.000030e+00	6.192073e-06
3.122000980025028e-08	4.999967e+00	-6.229395e-06
3.125907230025028e-08	5.000029e+00	6.261612e-06
3.129813480025028e-08	4.999969e+00	-6.297159e-06
3.133719730025027e-08	5.000028e+00	6.327818e-06
3.137625980025027e-08	4.999970e+00	-6.361655e-06
3.140000000000000e-08	5.000026e+00	6.410300e-06
3.140237401997497e-08	5.006346e+00	-8.141904e-05
3.140712205992492e-08	5.019518e+00	-9.398194e-05
3.141661813982481e-08	5.044398e+00	-7.464328e-05
3.143381845464076e-08	5.056275e+00	2.672414e-05
3.145964572799374e-08	4.964527e+00	1.978817e-04
3.148729547887768e-08	4.703712e+00	4.003727e-04
3.150000000000000e-08	4.507881e+00	5.676821e-04
3.150127045211224e-08	4.483951e+00	5.904157e-04
3.150381135633670e-08	4.436065e+00	5.994699e-04
3.150889316478563e-08	4.342941e+00	6.020218e-04
3.151905678168349e-08	4.170660e+00	6.240180e-04
3.153938401547921e-08	3.841776e+00	6.141230e-04
3.156785816961727e-08	3.400353e+00	6.287753e-04
3.160692066961727e-08	2.822280e+00	6.095634e-04
3.164598316961727e-08	2.281778e+00	6.130452e-04
3.168504566961727e-08	1.817353e+00	5.874186e-04
3.172410816961727e-08	1.426633e+00	5.449230e-04
3.175360176661485e-08	1.166724e+00	4.617911e-04
3.178694293562797e-08	8.754806e-01	3.489892e-04
3.182600543562797e-08	5.931093e-01	2.488211e-04
3.186292536313187e-08	3.914216e-01	1.585924e-04
3.190198786313187e-08	2.471255e-01	1.109805e-04
3.194105036313187e-08	1.551472e-01	6.169792e-05
3.198011286313187e-08	9.682084e-02	4.745371e-05
3.201917536313187e-08	6.048444e-02	2.115490e-05
3.205823786313187e-08	3.754121e-02	2.167212e-05
3.209730036313187e-08	2.347071e-02	5.103712e-06
3.213636286313187e-08	1.447664e-02	1.149882e-05
3.217542536313187e-08	9.114629e-03	-1.100294e-06
3.221448786313187e-08	5.553018e-03	7.499730e-06
3.225355036313187e-08	3.562360e-03	-3.454214e-06
3.229261286313187e-08	2.105050e-03	5.903250e-06
3.233167536313187e-08	1.415981e-03	-4.315692e-06
3.237073786313187e-08	7.740788e-04	5.238061e-06
3.240980036313186e-08	5.856212e-04	-4.601049e-06
3.244886286313186e-08	2.611960e-04	4.934245e-06
3.248792536313186e-08	2.640536e-04	-4.664707e-06
3.252698786313186e-08	6.405605e-05	4.770738e-06
3.256605036313186e-08	1.384427e-04	-4.644059e-06
3.260511286313186e-08	-1.112609e-05	4.663020e-06
3.264417536313186e-08	8.982398e-05	-4.591413e-06
3.268323786313186e-08	-3.779824e-05	4.579163e-06
3.272230036313186e-08	7.085514e-05	-4.528898e-06
3.276136286313186e-08	-4.708459e-05	4.505202e-06
3.280042536313186e-08	6.254427e-05	-4.463673e-06
3.283948786313186e-08	-4.974045e-05	4.436005e-06
3.287855036313186e-08	5.836236e-05	-4.398351e-06
3.291761286313186e-08	-4.987623e-05	4.369577e-06
3.295667536313186e-08	5.579706e-05	-4.333920e-06
3.299573786313186e-08	-4.907051e-05	4.305129e-06
3.303480036313186e-08	5.388208e-05	-4.270735e-06
3.307386286313186e-08	-4.792908e-05	4.242338e-06
3.311292536313186e-08	5.224519e-05	-4.208914e-06
3.315198786313186e-08	-4.668393e-05	4.181060e-06
3.319105036313186e-08	5.074252e-05	-4.148480e-06
3.323011286313186e-08	-4.542344e-05	4.121219e-06
3.326917536313186e-08	4.931796e-05	-4.089425e-06
3.330823786313186e-08	-4.418082e-05	4.062764e-06
3.334730036313186e-08	4.794913e-05	-4.031723e-06
3.338636286313186e-08	-4.296812e-05	4.005659e-06
3.342542536313186e-08	4.662665e-05	-3.975347e-06
3.346448786313185e-08	-4.178926e-05	3.949870e-06
3.350355036313185e-08	4.534617e-05	-3.920266e-06
3.354261286313185e-08	-4.064507e-05	3.895364e-06
3.358167536313185e-08	4.410527e-05	-3.866451e-06
3.362073786313185e-08	-3.953521e-05	3.842111e-06
3.365980036313185e-08	4.290232e-05	-3.813872e-06
3.369886286313185e-08	-3.845890e-05	3.790082e-06
3.373792536313185e-08	4.173600e-05	-3.762500e-06
3.377698786313185e-08	-3.741523e-05	3.739246e-06
3.381605036313185e-08	4.060511e-05	-3.712305e-06
3.385511286313185e-08	-3.640325e-05	3.689576e-06
3.389417536313185e-08	3.950858e-05	-3.663260e-06
3.393323786313185e-08	-3.542201e-05	3.641043e-06
3.397230036313185e-08	3.844533e-05	-3.615337e-06
3.401136286313185e-08	-3.447057e-05	3.593619e-06
3.405042536313185e-08	3.741436e-05	-3.568508e-06
3.408948786313185e-08	-3.354802e-05	3.547278e-06
3.412855036313185e-08	3.641467e-05	-3.522747e-06
3.416761286313185e-08	-3.265349e-05	3.501993e-06
3.420667536313185e-08	3.544530e-05	-3.478028e-06
3.424573786313185e-08	-3.178612e-05	3.457739e-06
3.428480036313185e-08	3.450535e-05	-3.434325e-06
3.432386286313185e-08	-3.094507e-05	3.414489e-06
3.436292536313185e-08	3.359390e-05	-3.391612e-06
3.440198786313185e-08	-3.012956e-05	3.372220e-06
3.444105036313185e-08	3.271009e-05	-3.349867e-06
3.448011286313185e-08	-2.933878e-05	3.330906e-06
3.451917536313184e-08	3.185308e-05	-3.309064e-06
3.455823786313184e-08	-2.857200e-05	3.290524e-06
3.459730036313184e-08	3.102204e-05	-3.269179e-06
3.463636286313184e-08	-2.782847e-05	3.251051e-06
3.467542536313184e-08	3.021618e-05	-3.230191e-06
3.471448786313184e-08	-2.710748e-05	3.212463e-06
3.475355036313184e-08	2.943474e-05	-3.192076e-06
3.479261286313184e-08	-2.640834e-05	3.174739e-06
3.483167536313184e-08	2.867696e-05	-3.154813e-06
3.487073786313184e-08	-2.573038e-05	3.137857e-06
3.490980036313184e-08	2.794212e-05	-3.118379e-06
3.494886286313184e-08	-2.507296e-05	3.101795e-06
3.498792536313184e-08	2.722952e-05	-3.082754e-06
3.502698786313184e-08	-2.443543e-05	3.066533e-06
3.506605036313184e-08	2.653847e-05	-3.047918e-06
3.510511286313184e-08	-2.381721e-05	3.032050e-06
3.514417536313184e-08	2.586832e-05	-3.013849e-06
3.518323786313184e-08	-2.321768e-05	2.998326e-06
3.522230036313184e-08	2.521843e-05	-2.980529e-06
3.526136286313184e-08	-2.263628e-05	2.965342e-06
3.530042536313184e-08	2.458818e-05	-2.947939e-06
3.533948786313184e-08	-2.207245e-05	2.933079e-06
3.537855036313184e-08	2.397696e-05	-2.916059e-06
3.541761286313184e-08	-2.152565e-05	2.901518e-06
3.545667536313184e-08	2.338419e-05	-2.884871e-06
3.549573786313184e-08	-2.099537e-05	2.870641e-06
3.553480036313183e-08	2.280930e-05	-2.854358e-06
3.557386286313183e-08	-2.048108e-05	2.840430e-06
3.561292536313183e-08	2.225175e-05	-2.824502e-06
3.565198786313183e-08	-1.998230e-05	2.810869e-06
3.569105036313183e-08	2.171101e-05	-2.795285e-06
3.573011286313183e-08	-1.949855e-05	2.781941e-06
3.576917536313183e-08	2.118654e-05	-2.766692e-06
3.580823786313183e-08	-1.902938e-05	2.753628e-06
3.584730036313183e-08	2.067787e-05	-2.738706e-06
3.588636286313183e-08	-1.857433e-05	2.725915e-06
3.592542536313183e-08	2.018450e-05	-2.711311e-06
3.596448786313183e-08	-1.813297e-05	2.698785e-06
3.600355036313183e-08	1.970596e-05	-2.684491e-06
3.604261286313183e-08	-1.770487e-05	2.672225e-06
3.608167536313183e-08	1.924179e-05	-2.658233e-06
3.612073786313183e-08	-1.728963e-05	2.646219e-06
3.615980036313183e-08	1.879156e-05	-2.632520e-06
3.619886286313183e-08	-1.688686e-05	2.620753e-06
3.623792536313183e-08	1.835483e-05	-2.607339e-06
3.627698786313183e-08	-1.649616e-05	2.595811e-06
3.631605036313183e-08	1.793119e-05	-2.582676e-06
3.635511286313183e-08	-1.611717e-05	2.571381e-06
3.639417536313183e-08	1.752024e-05	-2.558517e-06
3.643323786313183e-08	-1.574953e-05	2.547449e-06
3.647230036313183e-08	1.712159e-05	-2.534848e-06
3.651136286313183e-08	-1.539289e-05	2.524002e-06
3.655042536313183e-08	1.673485e-05	-2.511657e-06
3.658948786313182e-08	-1.504690e-05	2.501027e-06
3.662855036313182e-08	1.635966e-05	-2.488932e-06
3.665000000000001e-08	-1.450829e-05	2.469467e-06
3.665214496368682e-08	-4.474573e-03	6.699096e-05
3.665643489106046e-08	-1.325982e-02	7.332677e-05
3.666501474580773e-08	-3.028087e-02	6.586600e-05
3.668217445530228e-08	-3.184026e-02	-5.435528e-05
3.670104268677626e-08	6.442431e-02	-2.946385e-04
3.671878521500687e-08	2.568347e-01	-4.613076e-04
3.675000000000001e-08	8.822324e-01	-9.825781e-04
3.675312147849932e-08	9.680701e-01	-1.041072e-03
3.675936443549795e-08	1.137998e+00	-1.046917e-03
3.677185034949520e-08	1.465267e+00	-1.021661e-03
3.679561569560631e-08	2.050211e+00	-9.855371e-04
3.683467819560631e-08	2.893519e+00	-8.532843e-04
3.687374069560631e-08	3.557292e+00	-6.528056e-04
3.691280319560631e-08	3.970664e+00	-5.303560e-04
3.694189292508342e-08	4.170241e+00	-4.264830e-04
3.696806922492598e-08	4.348884e+00	-3.286752e-04
3.699679199206443e-08	4.548872e+00	-2.081250e-04
3.702830163657799e-08	4.714592e+00	-1.466077e-04
3.706275506218273e-08	4.829715e+00	-7.488909e-05
3.710181756218273e-08	4.906638e+00	-5.411249e-05
3.714088006218273e-08	4.948391e+00	-1.756502e-05
3.717994256218273e-08	4.972000e+00	-2.166088e-05
3.721900506218273e-08	4.984319e+00	-1.787760e-07
3.725806756218273e-08	4.991723e+00	-1.153618e-05
3.729713006218273e-08	4.995144e+00	4.836867e-06
3.733619256218273e-08	4.997648e+00	-8.245590e-06
3.737525506218273e-08	4.998404e+00	6.112660e-06
3.741431756218273e-08	4.999426e+00	-7.022840e-06
3.745338006218273e-08	4.999388e+00	6.267300e-06
3.749244256218273e-08	4.999958e+00	-6.428631e-06
3.753150506218273e-08	4.999688e+00	6.090530e-06
3.757056756218273e-08	5.000113e+00	-6.033116e-06
3.760963006218273e-08	4.999779e+00	5.824033e-06
3.764869256218272e-08	5.000157e+00	-5.704110e-06
3.768775506218272e-08	4.999812e+00	5.539067e-06
3.772681756218272e-08	5.000167e+00	-5.402138e-06
3.776588006218272e-08	4.999825e+00	5.253120e-06
3.780494256218272e-08	5.000167e+00	-5.113833e-06
3.784400506218272e-08	4.999833e+00	4.972270e-06
3.788306756218272e-08	5.000163e+00	-4.834933e-06
3.792213006218272e-08	4.999838e+00	4.698214e-06
3.796119256218272e-08	5.000159e+00	-4.564049e-06
3.800025506218272e-08	4.999843e+00	4.431336e-06
3.803931756218272e-08	5.000154e+00	-4.300652e-06
3.807838006218272e-08	4.999848e+00	4.171639e-06
3.811744256218272e-08	5.000150e+00	-4.044468e-06
3.815650506218272e-08	4.999852e+00	3.919006e-06
3.819556756218272e-08	5.000145e+00	-3.795303e-06
3.823463006218272e-08	4.999856e+00	3.673293e-06
3.827369256218272e-08	5.000140e+00	-3.554777e-06
3.831275506218272e-08	4.999856e+00	3.431112e-06
3.835181756218272e-08	5.000132e+00	-3.320927e-06
3.839088006218272e-08	4.999858e+00	3.197499e-06
3.842994256218272e-08	5.000126e+00	-3.092029e-06
3.846900506218272e-08	4.999862e+00	2.971093e-06
3.850806756218272e-08	5.000122e+00	-2.869053e-06
3.854713006218272e-08	4.999866e+00	2.751222e-06
3.858619256218272e-08	5.000119e+00	-2.652181e-06
3.862525506218272e-08	4.999870e+00	2.537582e-06
3.866431756218272e-08	5.000115e+00	-2.441367e-06
3.870338006218271e-08	4.999874e+00	2.329982e-06
3.874244256218271e-08	5.000112e+00	-2.236494e-06
3.878150506218271e-08	4.999877e+00	2.128265e-06
3.882056756218271e-08	5.000108e+00	-2.037430e-06
3.885963006218271e-08	4.999881e+00	1.932285e-06
3.889869256218271e-08	5.000105e+00	-1.844038e-06
3.893775506218271e-08	4.999885e+00	1.741904e-06
3.897681756218271e-08	5.000102e+00	-1.656181e-06
3.901588006218271e-08	4.999888e+00	1.556985e-06
3.905494256218271e-08	5.000099e+00	-1.473726e-06
3.909400506218271e-08	4.999891e+00	1.377395e-06
3.913306756218271e-08	5.000096e+00	-1.296540e-06
3.917213006218271e-08	4.999895e+00	1.203005e-06
3.921119256218271e-08	5.000093e+00	-1.124494e-06
3.925025506218271e-08	4.999897e+00	1.033686e-06
3.928931756218271e-08	5.000090e+00	-9.574635e-07
3.932838006218271e-08	4.999901e+00	8.693139e-07
3.936744256218271e-08	5.000088e+00	-7.953229e-07
3.940650506218271e-08	4.999904e+00	7.097659e-07
3.944556756218271e-08	5.000085e+00	-6.379514e-07
3.948463006218271e-08	4.999907e+00	5.549222e-07
3.952369256218271e-08	5.000082e+00	-4.852300e-07
3.956275506218271e-08	4.999909e+00	4.046653e-07
3.960181756218271e-08	5.000080e+00	-3.370428e-07
3.964088006218271e-08	4.999912e+00	2.588804e-07
3.967994256218271e-08	5.000077e+00	-1.932757e-07
3.971900506218271e-08	4.999915e+00	1.174551e-07
3.975806756218270e-08	5.000075e+00	-5.381749e-08
3.979713006218270e-08	4.999918e+00	-1.972076e-08
3.983619256218270e-08	5.000072e+00	8.144070e-08
3.987525506218270e-08	4.999920e+00	-1.527546e-07
3.991431756218270e-08	5.000071e+00	2.126054e-07
3.995338006218270e-08	4.999923e+00	-2.817518e-07
3.999244256218270e-08	5.000068e+00	3.397808e-07
4.000000000000000e-08	4.999928e+00	-6.577783e-07
