time	V(vin)	V(vout)
0.000000000000000e+00	0.000000e+00	5.000000e+00
5.000000000000000e-10	0.000000e+00	5.000000e+00
5.019112500898475e-10	9.556250e-02	5.004906e+00
5.057337502695424e-10	2.866875e-01	5.015204e+00
5.133787506289323e-10	6.689375e-01	5.034787e+00
5.286687513477119e-10	1.433438e+00	5.055801e+00
5.499141230094621e-10	2.495706e+00	5.012534e+00
5.714821263586777e-10	3.574106e+00	4.884702e+00
5.940035174573149e-10	4.700176e+00	4.628249e+00
6.000000000000000e-10	5.000000e+00	4.535787e+00
6.005996482542685e-10	5.000000e+00	4.525077e+00
6.017989447628055e-10	5.000000e+00	4.503447e+00
6.041975377798795e-10	5.000000e+00	4.460187e+00
6.089947238140276e-10	5.000000e+00	4.375137e+00
6.185890958823237e-10	5.000000e+00	4.216789e+00
6.377778400189160e-10	5.000000e+00	3.916901e+00
6.668862027642455e-10	5.000000e+00	3.480338e+00
7.059487027642455e-10	5.000000e+00	2.920105e+00
7.450112027642456e-10	5.000000e+00	2.391686e+00
7.840737027642456e-10	5.000000e+00	1.925627e+00
8.231362027642456e-10	5.000000e+00	1.529402e+00
8.538814822612764e-10	5.000000e+00	1.264214e+00
8.888344743384707e-10	5.000000e+00	9.568107e-01
9.229190825525924e-10	5.000000e+00	6.983330e-01
9.619815825525923e-10	5.000000e+00	4.655832e-01
1.001044082552592e-09	5.000000e+00	3.003527e-01
1.040106582552592e-09	5.000000e+00	1.926258e-01
1.079169082552592e-09	5.000000e+00	1.227214e-01
1.118231582552592e-09	5.000000e+00	7.830565e-02
1.157294082552593e-09	5.000000e+00	4.952703e-02
1.196356582552593e-09	5.000000e+00	3.163913e-02
1.235419082552593e-09	5.000000e+00	1.984927e-02
1.274481582552593e-09	5.000000e+00	1.278965e-02
1.313544082552593e-09	5.000000e+00	7.902804e-03
1.352606582552593e-09	5.000000e+00	5.209463e-03
1.391669082552593e-09	5.000000e+00	3.104123e-03
1.430731582552593e-09	5.000000e+00	2.161902e-03
1.469794082552593e-09	5.000000e+00	1.178649e-03
1.508856582552593e-09	5.000000e+00	9.356039e-04
1.547919082552593e-09	5.000000e+00	4.075093e-04
1.586981582552593e-09	5.000000e+00	4.415981e-04
1.626044082552593e-09	5.000000e+00	9.969738e-05
1.665106582552593e-09	5.000000e+00	2.406578e-04
1.704169082552593e-09	5.000000e+00	-2.206853e-05
1.743231582552593e-09	5.000000e+00	1.585001e-04
1.782294082552593e-09	5.000000e+00	-6.885512e-05
1.821356582552593e-09	5.000000e+00	1.253986e-04
1.860419082552593e-09	5.000000e+00	-8.365622e-05
1.899481582552593e-09	5.000000e+00	1.112746e-04
1.938544082552593e-09	5.000000e+00	-8.781932e-05
1.977606582552593e-09	5.000000e+00	1.037920e-04
2.016669082552593e-09	5.000000e+00	-8.785501e-05
2.055731582552593e-09	5.000000e+00	9.902658e-05
2.094794082552593e-09	5.000000e+00	-8.628952e-05
2.133856582552593e-09	5.000000e+00	9.539986e-05
2.172919082552593e-09	5.000000e+00	-8.413093e-05
2.211981582552593e-09	5.000000e+00	9.227932e-05
2.251044082552593e-09	5.000000e+00	-8.178076e-05
2.290106582552593e-09	5.000000e+00	8.941061e-05
2.329169082552594e-09	5.000000e+00	-7.939813e-05
2.368231582552594e-09	5.000000e+00	8.669059e-05
2.407294082552594e-09	5.000000e+00	-7.704532e-05
2.446356582552594e-09	5.000000e+00	8.407662e-05
2.485419082552594e-09	5.000000e+00	-7.474595e-05
2.524481582552594e-09	5.000000e+00	8.155025e-05
2.563544082552594e-09	5.000000e+00	-7.250821e-05
2.602606582552594e-09	5.000000e+00	7.910277e-05
2.641669082552594e-09	5.000000e+00	-7.033419e-05
2.680731582552594e-09	5.000000e+00	7.672938e-05
2.719794082552594e-09	5.000000e+00	-6.822353e-05
2.758856582552594e-09	5.000000e+00	7.442691e-05
2.797919082552594e-09	5.000000e+00	-6.617498e-05
2.836981582552594e-09	5.000000e+00	7.219284e-05
2.876044082552594e-09	5.000000e+00	-6.418693e-05
2.915106582552594e-09	5.000000e+00	7.002499e-05
2.954169082552594e-09	5.000000e+00	-6.225768e-05
2.993231582552594e-09	5.000000e+00	6.792132e-05
3.032294082552594e-09	5.000000e+00	-6.038552e-05
3.071356582552594e-09	5.000000e+00	6.587990e-05
3.110419082552594e-09	5.000000e+00	-5.856875e-05
3.149481582552594e-09	5.000000e+00	6.389886e-05
3.188544082552594e-09	5.000000e+00	-5.680574e-05
3.227606582552594e-09	5.000000e+00	6.197642e-05
3.266669082552594e-09	5.000000e+00	-5.509489e-05
3.305731582552595e-09	5.000000e+00	6.011082e-05
3.344794082552595e-09	5.000000e+00	-5.343464e-05
3.383856582552595e-09	5.000000e+00	5.830037e-05
3.422919082552595e-09	5.000000e+00	-5.182350e-05
3.461981582552595e-09	5.000000e+00	5.654344e-05
3.501044082552595e-09	5.000000e+00	-5.026000e-05
3.540106582552595e-09	5.000000e+00	5.483844e-05
3.579169082552595e-09	5.000000e+00	-4.874272e-05
3.618231582552595e-09	5.000000e+00	5.318382e-05
3.657294082552595e-09	5.000000e+00	-4.727030e-05
3.696356582552595e-09	5.000000e+00	5.157810e-05
3.735419082552595e-09	5.000000e+00	-4.584140e-05
3.774481582552595e-09	5.000000e+00	5.001981e-05
3.813544082552594e-09	5.000000e+00	-4.445472e-05
3.852606582552594e-09	5.000000e+00	4.850756e-05
3.891669082552593e-09	5.000000e+00	-4.310902e-05
3.930731582552593e-09	5.000000e+00	4.703997e-05
3.969794082552593e-09	5.000000e+00	-4.180308e-05
4.008856582552592e-09	5.000000e+00	4.561573e-05
4.047919082552592e-09	5.000000e+00	-4.053572e-05
4.086981582552592e-09	5.000000e+00	4.423355e-05
4.126044082552591e-09	5.000000e+00	-3.930579e-05
4.165106582552591e-09	5.000000e+00	4.289219e-05
4.204169082552590e-09	5.000000e+00	-3.811219e-05
4.243231582552590e-09	5.000000e+00	4.159043e-05
4.282294082552590e-09	5.000000e+00	-3.695384e-05
4.321356582552589e-09	5.000000e+00	4.032711e-05
4.360419082552589e-09	5.000000e+00	-3.582970e-05
4.399481582552589e-09	5.000000e+00	3.910108e-05
4.438544082552588e-09	5.000000e+00	-3.473875e-05
4.477606582552588e-09	5.000000e+00	3.791125e-05
4.516669082552587e-09	5.000000e+00	-3.368001e-05
4.555731582552587e-09	5.000000e+00	3.675653e-05
4.594794082552587e-09	5.000000e+00	-3.265253e-05
4.633856582552586e-09	5.000000e+00	3.563591e-05
4.672919082552586e-09	5.000000e+00	-3.165538e-05
4.711981582552586e-09	5.000000e+00	3.454836e-05
4.751044082552585e-09	5.000000e+00	-3.068767e-05
4.790106582552585e-09	5.000000e+00	3.349291e-05
4.829169082552584e-09	5.000000e+00	-2.974852e-05
4.868231582552584e-09	5.000000e+00	3.246862e-05
4.907294082552584e-09	5.000000e+00	-2.883710e-05
4.946356582552583e-09	5.000000e+00	3.147455e-05
4.985419082552583e-09	5.000000e+00	-2.795258e-05
5.024481582552583e-09	5.000000e+00	3.050983e-05
5.063544082552582e-09	5.000000e+00	-2.709418e-05
5.102606582552582e-09	5.000000e+00	2.957358e-05
5.141669082552581e-09	5.000000e+00	-2.626111e-05
5.180731582552581e-09	5.000000e+00	2.866496e-05
5.219794082552581e-09	5.000000e+00	-2.545263e-05
5.258856582552580e-09	5.000000e+00	2.778316e-05
5.297919082552580e-09	5.000000e+00	-2.466802e-05
5.336981582552580e-09	5.000000e+00	2.692740e-05
5.376044082552579e-09	5.000000e+00	-2.390656e-05
5.415106582552579e-09	5.000000e+00	2.609689e-05
5.454169082552578e-09	5.000000e+00	-2.316759e-05
5.493231582552578e-09	5.000000e+00	2.529089e-05
5.532294082552578e-09	5.000000e+00	-2.245044e-05
5.571356582552577e-09	5.000000e+00	2.450870e-05
5.610419082552577e-09	5.000000e+00	-2.175446e-05
5.649481582552577e-09	5.000000e+00	2.374959e-05
5.688544082552576e-09	5.000000e+00	-2.107902e-05
5.727606582552576e-09	5.000000e+00	2.301290e-05
5.750000000000000e-09	5.000000e+00	-2.009416e-05
5.752239341744743e-09	4.888033e+00	-4.449858e-03
5.756718025234228e-09	4.664099e+00	-1.322203e-02
5.765675392213197e-09	4.216230e+00	-3.032525e-02
5.783590126171137e-09	3.320494e+00	-2.740823e-02
5.801711608914066e-09	2.414420e+00	6.691740e-02
5.820784182650991e-09	1.460791e+00	2.749694e-01
5.850000000000000e-09	3.907985e-14	8.500050e-01
5.852921581734901e-09	0.000000e+00	9.274585e-01
5.858764745204702e-09	0.000000e+00	1.080930e+00
5.870451072144306e-09	0.000000e+00	1.377542e+00
5.893823726023514e-09	0.000000e+00	1.937502e+00
5.932148925650821e-09	0.000000e+00	2.755865e+00
5.971211425650821e-09	0.000000e+00	3.434939e+00
6.010273925650821e-09	0.000000e+00	3.883426e+00
6.044210595446656e-09	0.000000e+00	4.133098e+00
6.071428017830706e-09	0.000000e+00	4.312253e+00
6.102442881911288e-09	0.000000e+00	4.525843e+00
6.133746031321690e-09	0.000000e+00	4.692807e+00
6.168132521041731e-09	0.000000e+00	4.812369e+00
6.207195021041730e-09	0.000000e+00	4.894118e+00
6.246257521041730e-09	0.000000e+00	4.940076e+00
6.285320021041729e-09	0.000000e+00	4.966404e+00
6.324382521041729e-09	0.000000e+00	4.980883e+00
6.363445021041729e-09	0.000000e+00	4.989414e+00
6.402507521041728e-09	0.000000e+00	4.993859e+00
6.441570021041728e-09	0.000000e+00	4.996720e+00
6.480632521041728e-09	0.000000e+00	4.997976e+00
6.519695021041727e-09	0.000000e+00	4.999035e+00
6.558757521041727e-09	0.000000e+00	4.999284e+00
6.597820021041726e-09	0.000000e+00	4.999767e+00
6.636882521041726e-09	0.000000e+00	4.999700e+00
6.675945021041726e-09	0.000000e+00	4.999998e+00
6.715007521041725e-09	0.000000e+00	4.999834e+00
6.754070021041725e-09	0.000000e+00	5.000070e+00
6.793132521041725e-09	0.000000e+00	4.999876e+00
6.832195021041724e-09	0.000000e+00	5.000090e+00
6.871257521041724e-09	0.000000e+00	4.999891e+00
6.910320021041723e-09	0.000000e+00	5.000094e+00
6.949382521041723e-09	0.000000e+00	4.999896e+00
6.988445021041723e-09	0.000000e+00	5.000093e+00
7.027507521041722e-09	0.000000e+00	4.999898e+00
7.066570021041722e-09	0.000000e+00	5.000090e+00
7.105632521041722e-09	0.000000e+00	4.999900e+00
7.144695021041721e-09	0.000000e+00	5.000088e+00
7.183757521041721e-09	0.000000e+00	4.999902e+00
7.222820021041720e-09	0.000000e+00	5.000086e+00
7.261882521041720e-09	0.000000e+00	4.999905e+00
7.300945021041720e-09	0.000000e+00	5.000084e+00
7.340007521041719e-09	0.000000e+00	4.999907e+00
7.379070021041719e-09	0.000000e+00	5.000082e+00
7.418132521041719e-09	0.000000e+00	4.999909e+00
7.457195021041719e-09	0.000000e+00	5.000081e+00
7.496257521041719e-09	0.000000e+00	4.999911e+00
7.535320021041718e-09	0.000000e+00	5.000079e+00
7.574382521041718e-09	0.000000e+00	4.999913e+00
7.613445021041718e-09	0.000000e+00	5.000077e+00
7.652507521041717e-09	0.000000e+00	4.999915e+00
7.691570021041717e-09	0.000000e+00	5.000075e+00
7.730632521041716e-09	0.000000e+00	4.999917e+00
7.769695021041716e-09	0.000000e+00	5.000074e+00
7.808757521041716e-09	0.000000e+00	4.999918e+00
7.847820021041715e-09	0.000000e+00	5.000072e+00
7.886882521041715e-09	0.000000e+00	4.999920e+00
7.925945021041715e-09	0.000000e+00	5.000071e+00
7.965007521041714e-09	0.000000e+00	4.999922e+00
8.004070021041714e-09	0.000000e+00	5.000069e+00
8.043132521041713e-09	0.000000e+00	4.999924e+00
8.082195021041713e-09	0.000000e+00	5.000068e+00
8.121257521041713e-09	0.000000e+00	4.999925e+00
8.160320021041712e-09	0.000000e+00	5.000066e+00
8.199382521041712e-09	0.000000e+00	4.999927e+00
8.238445021041712e-09	0.000000e+00	5.000065e+00
8.277507521041711e-09	0.000000e+00	4.999928e+00
8.316570021041711e-09	0.000000e+00	5.000063e+00
8.355632521041710e-09	0.000000e+00	4.999930e+00
8.394695021041710e-09	0.000000e+00	5.000062e+00
8.433757521041710e-09	0.000000e+00	4.999931e+00
8.472820021041709e-09	0.000000e+00	5.000061e+00
8.511882521041709e-09	0.000000e+00	4.999933e+00
8.550945021041709e-09	0.000000e+00	5.000059e+00
8.590007521041708e-09	0.000000e+00	4.999934e+00
8.629070021041708e-09	0.000000e+00	5.000058e+00
8.668132521041707e-09	0.000000e+00	4.999936e+00
8.707195021041707e-09	0.000000e+00	5.000057e+00
8.746257521041707e-09	0.000000e+00	4.999937e+00
8.785320021041706e-09	0.000000e+00	5.000055e+00
8.824382521041706e-09	0.000000e+00	4.999938e+00
8.863445021041706e-09	0.000000e+00	5.000054e+00
8.902507521041705e-09	0.000000e+00	4.999940e+00
8.941570021041705e-09	0.000000e+00	5.000053e+00
8.980632521041704e-09	0.000000e+00	4.999941e+00
9.019695021041704e-09	0.000000e+00	5.000052e+00
9.058757521041704e-09	0.000000e+00	4.999942e+00
9.097820021041703e-09	0.000000e+00	5.000051e+00
9.136882521041703e-09	0.000000e+00	4.999944e+00
9.175945021041703e-09	0.000000e+00	5.000050e+00
9.215007521041702e-09	0.000000e+00	4.999945e+00
9.254070021041702e-09	0.000000e+00	5.000049e+00
9.293132521041701e-09	0.000000e+00	4.999946e+00
9.332195021041701e-09	0.000000e+00	5.000048e+00
9.371257521041701e-09	0.000000e+00	4.999947e+00
9.410320021041700e-09	0.000000e+00	5.000047e+00
9.449382521041700e-09	0.000000e+00	4.999948e+00
9.488445021041700e-09	0.000000e+00	5.000046e+00
9.527507521041699e-09	0.000000e+00	4.999949e+00
9.566570021041699e-09	0.000000e+00	5.000045e+00
9.605632521041698e-09	0.000000e+00	4.999950e+00
9.644695021041698e-09	0.000000e+00	5.000044e+00
9.683757521041698e-09	0.000000e+00	4.999951e+00
9.722820021041697e-09	0.000000e+00	5.000043e+00
9.761882521041697e-09	0.000000e+00	4.999952e+00
9.800945021041697e-09	0.000000e+00	5.000042e+00
9.840007521041696e-09	0.000000e+00	4.999953e+00
9.879070021041696e-09	0.000000e+00	5.000041e+00
9.918132521041695e-09	0.000000e+00	4.999954e+00
9.957195021041695e-09	0.000000e+00	5.000040e+00
9.996257521041695e-09	0.000000e+00	4.999955e+00
1.003532002104169e-08	0.000000e+00	5.000040e+00
1.007438252104169e-08	0.000000e+00	4.999956e+00
1.011344502104169e-08	0.000000e+00	5.000039e+00
1.015250752104169e-08	0.000000e+00	4.999957e+00
1.019157002104169e-08	0.000000e+00	5.000038e+00
1.023063252104169e-08	0.000000e+00	4.999958e+00
1.026969502104169e-08	0.000000e+00	5.000037e+00
1.030875752104169e-08	0.000000e+00	4.999959e+00
1.034782002104169e-08	0.000000e+00	5.000036e+00
1.038688252104169e-08	0.000000e+00	4.999960e+00
1.042594502104169e-08	0.000000e+00	5.000035e+00
1.046500752104169e-08	0.000000e+00	4.999960e+00
1.050407002104169e-08	0.000000e+00	5.000035e+00
1.054313252104169e-08	0.000000e+00	4.999961e+00
1.058219502104169e-08	0.000000e+00	5.000034e+00
1.062125752104169e-08	0.000000e+00	4.999962e+00
1.066032002104169e-08	0.000000e+00	5.000033e+00
1.069938252104169e-08	0.000000e+00	4.999963e+00
1.073844502104169e-08	0.000000e+00	5.000032e+00
1.077750752104169e-08	0.000000e+00	4.999964e+00
1.080000000000000e-08	0.000000e+00	5.000031e+00
1.080224924789583e-08	1.124624e-01	5.005812e+00
1.080674774368749e-08	3.373872e-01	5.017832e+00
1.081574473527082e-08	7.872368e-01	5.040803e+00
1.083317727843751e-08	1.658864e+00	5.055064e+00
1.085728623361063e-08	2.864312e+00	4.979700e+00
1.088363673656873e-08	4.181837e+00	4.762522e+00
1.090000000000000e-08	5.000000e+00	4.529627e+00
1.090163632634313e-08	5.000000e+00	4.500195e+00
1.090490897902938e-08	5.000000e+00	4.441309e+00
1.091145428440189e-08	5.000000e+00	4.327372e+00
1.092454489514691e-08	5.000000e+00	4.117115e+00
1.095072611663695e-08	5.000000e+00	3.715156e+00
1.098190411879590e-08	5.000000e+00	3.256791e+00
1.102096661879590e-08	5.000000e+00	2.707707e+00
1.106002911879589e-08	5.000000e+00	2.197321e+00
1.109909161879589e-08	5.000000e+00	1.763542e+00
1.113815411879589e-08	5.000000e+00	1.395394e+00
1.116887433892491e-08	5.000000e+00	1.126228e+00
1.120177348258033e-08	5.000000e+00	8.497964e-01
1.124083598258033e-08	5.000000e+00	5.820432e-01
1.127989848258033e-08	5.000000e+00	3.804899e-01
1.131896098258033e-08	5.000000e+00	2.448513e-01
1.135802348258032e-08	5.000000e+00	1.565150e-01
1.139708598258032e-08	5.000000e+00	9.977438e-02
1.143614848258032e-08	5.000000e+00	6.337687e-02
1.147521098258032e-08	5.000000e+00	4.028274e-02
1.151427348258032e-08	5.000000e+00	2.549240e-02
1.155333598258032e-08	5.000000e+00	1.621150e-02
1.159239848258032e-08	5.000000e+00	1.022691e-02
1.163146098258032e-08	5.000000e+00	6.530051e-03
1.167052348258032e-08	5.000000e+00	4.091854e-03
1.170958598258032e-08	5.000000e+00	2.639138e-03
1.174864848258032e-08	5.000000e+00	1.627865e-03
1.178771098258032e-08	5.000000e+00	1.075397e-03
1.182677348258032e-08	5.000000e+00	6.388439e-04
1.186583598258032e-08	5.000000e+00	4.465785e-04
1.190489848258032e-08	5.000000e+00	2.424531e-04
1.194396098258032e-08	5.000000e+00	1.935741e-04
1.198302348258032e-08	5.000000e+00	8.394460e-05
1.202208598258032e-08	5.000000e+00	9.190175e-05
1.206114848258032e-08	5.000000e+00	2.207240e-05
1.210021098258032e-08	5.000000e+00	5.050236e-05
1.213927348258032e-08	5.000000e+00	-2.668887e-06
1.217833598258032e-08	5.000000e+00	3.296441e-05
1.221739848258032e-08	5.000000e+00	-1.218278e-05
1.225646098258032e-08	5.000000e+00	2.531957e-05
1.229552348258032e-08	5.000000e+00	-1.541644e-05
1.233458598258032e-08	5.000000e+00	2.164330e-05
1.237364848258032e-08	5.000000e+00	-1.615780e-05
1.241271098258031e-08	5.000000e+00	1.957280e-05
1.245177348258031e-08	5.000000e+00	-1.592048e-05
1.249083598258031e-08	5.000000e+00	1.816315e-05
1.252989848258031e-08	5.000000e+00	-1.530891e-05
1.256896098258031e-08	5.000000e+00	1.703607e-05
1.260802348258031e-08	5.000000e+00	-1.456416e-05
1.264708598258031e-08	5.000000e+00	1.603984e-05
1.268614848258031e-08	5.000000e+00	-1.378211e-05
1.272521098258031e-08	5.000000e+00	1.511328e-05
1.276427348258031e-08	5.000000e+00	-1.300060e-05
1.280333598258031e-08	5.000000e+00	1.423141e-05
1.284239848258031e-08	5.000000e+00	-1.223428e-05
1.288146098258031e-08	5.000000e+00	1.338375e-05
1.292052348258031e-08	5.000000e+00	-1.148857e-05
1.295958598258031e-08	5.000000e+00	1.256561e-05
1.299864848258031e-08	5.000000e+00	-1.076520e-05
1.303771098258031e-08	5.000000e+00	1.177465e-05
1.307677348258031e-08	5.000000e+00	-1.006443e-05
1.311583598258031e-08	5.000000e+00	1.100948e-05
1.315489848258031e-08	5.000000e+00	-9.385963e-06
1.319396098258031e-08	5.000000e+00	1.026908e-05
1.323302348258031e-08	5.000000e+00	-8.729281e-06
1.327208598258031e-08	5.000000e+00	9.552631e-06
1.331114848258031e-08	5.000000e+00	-8.093790e-06
1.335021098258031e-08	5.000000e+00	8.859366e-06
1.338927348258031e-08	5.000000e+00	-7.478880e-06
1.342833598258030e-08	5.000000e+00	8.188580e-06
1.346739848258030e-08	5.000000e+00	-6.883944e-06
1.350646098258030e-08	5.000000e+00	7.539595e-06
1.354552348258030e-08	5.000000e+00	-6.308386e-06
1.358458598258030e-08	5.000000e+00	6.911755e-06
1.362364848258030e-08	5.000000e+00	-5.751630e-06
1.366271098258030e-08	5.000000e+00	6.304425e-06
1.370177348258030e-08	5.000000e+00	-5.213111e-06
1.374083598258030e-08	5.000000e+00	5.716992e-06
1.377989848258030e-08	5.000000e+00	-4.692284e-06
1.381896098258030e-08	5.000000e+00	5.148859e-06
1.385802348258030e-08	5.000000e+00	-4.188618e-06
1.389708598258030e-08	5.000000e+00	4.599447e-06
1.393614848258030e-08	5.000000e+00	-3.701599e-06
1.397521098258030e-08	5.000000e+00	4.068196e-06
1.401427348258030e-08	5.000000e+00	-3.230729e-06
1.405333598258030e-08	5.000000e+00	3.554560e-06
1.409239848258030e-08	5.000000e+00	-2.775522e-06
1.413146098258030e-08	5.000000e+00	3.058013e-06
1.417052348258030e-08	5.000000e+00	-2.335509e-06
1.420958598258030e-08	5.000000e+00	2.578041e-06
1.424864848258030e-08	5.000000e+00	-1.910235e-06
1.428771098258030e-08	5.000000e+00	2.114147e-06
1.432677348258030e-08	5.000000e+00	-1.499257e-06
1.436583598258030e-08	5.000000e+00	1.665850e-06
1.440489848258030e-08	5.000000e+00	-1.102146e-06
1.444396098258030e-08	5.000000e+00	1.232680e-06
1.448302348258029e-08	5.000000e+00	-7.184860e-07
1.452208598258029e-08	5.000000e+00	8.141836e-07
1.456114848258029e-08	5.000000e+00	-3.478729e-07
1.460021098258029e-08	5.000000e+00	4.099206e-07
1.463927348258029e-08	5.000000e+00	1.008520e-08
1.467833598258029e-08	5.000000e+00	1.962268e-08
1.471739848258029e-08	5.000000e+00	3.558650e-07
1.475646098258029e-08	5.000000e+00	-3.491464e-07
1.479552348258029e-08	5.000000e+00	7.084478e-07
1.483458598258029e-08	5.000000e+00	-6.880643e-07
1.487364848258029e-08	5.000000e+00	1.057120e-06
1.491271098258029e-08	5.000000e+00	-1.012537e-06
1.495177348258029e-08	5.000000e+00	1.395435e-06
1.499083598258029e-08	5.000000e+00	-1.324602e-06
1.502989848258029e-08	5.000000e+00	1.722640e-06
1.506896098258029e-08	5.000000e+00	-1.625312e-06
1.510802348258029e-08	5.000000e+00	2.038646e-06
1.514708598258029e-08	5.000000e+00	-1.915281e-06
1.518614848258029e-08	5.000000e+00	2.343623e-06
1.522521098258029e-08	5.000000e+00	-2.194942e-06
1.526427348258029e-08	5.000000e+00	2.637833e-06
1.530333598258029e-08	5.000000e+00	-2.464650e-06
1.534239848258029e-08	5.000000e+00	2.921576e-06
1.538146098258029e-08	5.000000e+00	-2.724721e-06
1.542052348258029e-08	5.000000e+00	3.195156e-06
1.545958598258029e-08	5.000000e+00	-2.975452e-06
1.549864848258029e-08	5.000000e+00	3.458874e-06
1.553771098258028e-08	5.000000e+00	-3.217130e-06
1.557677348258028e-08	5.000000e+00	3.713028e-06
1.561583598258028e-08	5.000000e+00	-3.450028e-06
1.565489848258028e-08	5.000000e+00	3.957906e-06
1.569396098258028e-08	5.000000e+00	-3.674412e-06
1.573302348258028e-08	5.000000e+00	4.193787e-06
1.577208598258028e-08	5.000000e+00	-3.890540e-06
1.581114848258028e-08	5.000000e+00	4.420945e-06
1.585021098258028e-08	5.000000e+00	-4.098662e-06
1.588927348258028e-08	5.000000e+00	4.639642e-06
1.592833598258028e-08	5.000000e+00	-4.299020e-06
1.596739848258028e-08	5.000000e+00	4.850135e-06
1.600646098258028e-08	5.000000e+00	-4.491850e-06
1.604552348258028e-08	5.000000e+00	5.052673e-06
1.605000000000000e-08	5.000000e+00	-5.318188e-06
1.605044765174197e-08	4.977617e+00	-8.485752e-04
1.605134295522592e-08	4.932852e+00	-2.697797e-03
1.605313356219381e-08	4.843322e+00	-6.323047e-03
1.605671477612958e-08	4.664261e+00	-1.326390e-02
1.606387720400114e-08	4.306140e+00	-2.687000e-02
1.607799050640732e-08	3.600475e+00	-3.763117e-02
1.609249589262392e-08	2.875205e+00	7.003780e-03
1.610847593642110e-08	2.076203e+00	1.266479e-01
1.614043602401544e-08	4.781988e-01	6.411715e-01
1.615000000000000e-08	3.907985e-14	8.632683e-01
1.615095639759846e-08	0.000000e+00	8.885642e-01
1.615286919279537e-08	0.000000e+00	9.394077e-01
1.615669478318919e-08	0.000000e+00	1.039961e+00
1.616434596397684e-08	0.000000e+00	1.236365e+00
1.617964832555214e-08	0.000000e+00	1.614128e+00
1.621025304870273e-08	0.000000e+00	2.315265e+00
1.624931554870273e-08	0.000000e+00	3.086066e+00
1.628837804870272e-08	0.000000e+00	3.667325e+00
1.632744054870272e-08	0.000000e+00	4.024899e+00
1.635466144094356e-08	0.000000e+00	4.200030e+00
1.638200444274869e-08	0.000000e+00	4.391084e+00
1.641046119473867e-08	0.000000e+00	4.577900e+00
1.644767251575793e-08	0.000000e+00	4.750663e+00
1.648409033853224e-08	0.000000e+00	4.852743e+00
1.652315283853224e-08	0.000000e+00	4.917075e+00
1.656221533853224e-08	0.000000e+00	4.953013e+00
1.660127783853224e-08	0.000000e+00	4.973734e+00
1.664034033853224e-08	0.000000e+00	4.984989e+00
1.667940283853224e-08	0.000000e+00	4.991759e+00
1.671846533853224e-08	0.000000e+00	4.995149e+00
1.675752783853224e-08	0.000000e+00	4.997473e+00
1.679659033853224e-08	0.000000e+00	4.998375e+00
1.683565283853223e-08	0.000000e+00	4.999283e+00
1.687471533853223e-08	0.000000e+00	4.999401e+00
1.691377783853223e-08	0.000000e+00	4.999855e+00
1.695284033853223e-08	0.000000e+00	4.999730e+00
1.699190283853223e-08	0.000000e+00	5.000033e+00
1.703096533853223e-08	0.000000e+00	4.999835e+00
1.707002783853223e-08	0.000000e+00	5.000087e+00
1.710909033853223e-08	0.000000e+00	4.999870e+00
1.714815283853223e-08	0.000000e+00	5.000102e+00
1.718721533853223e-08	0.000000e+00	4.999886e+00
1.722627783853223e-08	0.000000e+00	5.000104e+00
1.726534033853223e-08	0.000000e+00	4.999893e+00
1.730440283853223e-08	0.000000e+00	5.000103e+00
1.734346533853223e-08	0.000000e+00	4.999897e+00
1.738252783853223e-08	0.000000e+00	5.000100e+00
1.742159033853223e-08	0.000000e+00	4.999901e+00
1.746065283853223e-08	0.000000e+00	5.000097e+00
1.749971533853223e-08	0.000000e+00	4.999904e+00
1.753877783853223e-08	0.000000e+00	5.000094e+00
1.757784033853223e-08	0.000000e+00	4.999907e+00
1.761690283853223e-08	0.000000e+00	5.000091e+00
1.765596533853223e-08	0.000000e+00	4.999911e+00
1.769502783853223e-08	0.000000e+00	5.000088e+00
1.773409033853223e-08	0.000000e+00	4.999914e+00
1.777315283853223e-08	0.000000e+00	5.000085e+00
1.781221533853223e-08	0.000000e+00	4.999917e+00
1.785127783853222e-08	0.000000e+00	5.000082e+00
1.789034033853222e-08	0.000000e+00	4.999919e+00
1.792940283853222e-08	0.000000e+00	5.000078e+00
1.796846533853222e-08	0.000000e+00	4.999920e+00
1.800752783853222e-08	0.000000e+00	5.000073e+00
1.804659033853222e-08	0.000000e+00	4.999922e+00
1.808565283853222e-08	0.000000e+00	5.000070e+00
1.812471533853222e-08	0.000000e+00	4.999924e+00
1.816377783853222e-08	0.000000e+00	5.000068e+00
1.820284033853222e-08	0.000000e+00	4.999927e+00
1.824190283853222e-08	0.000000e+00	5.000065e+00
1.828096533853222e-08	0.000000e+00	4.999929e+00
1.832002783853222e-08	0.000000e+00	5.000063e+00
1.835909033853222e-08	0.000000e+00	4.999932e+00
1.839815283853222e-08	0.000000e+00	5.000061e+00
1.843721533853222e-08	0.000000e+00	4.999934e+00
1.847627783853222e-08	0.000000e+00	5.000058e+00
1.851534033853222e-08	0.000000e+00	4.999937e+00
1.855440283853222e-08	0.000000e+00	5.000056e+00
1.859346533853222e-08	0.000000e+00	4.999939e+00
1.863252783853222e-08	0.000000e+00	5.000054e+00
1.867159033853222e-08	0.000000e+00	4.999941e+00
1.871065283853222e-08	0.000000e+00	5.000052e+00
1.874971533853222e-08	0.000000e+00	4.999943e+00
1.878877783853222e-08	0.000000e+00	5.000050e+00
1.882784033853222e-08	0.000000e+00	4.999946e+00
1.886690283853222e-08	0.000000e+00	5.000048e+00
1.890596533853221e-08	0.000000e+00	4.999948e+00
1.894502783853221e-08	0.000000e+00	5.000046e+00
1.898409033853221e-08	0.000000e+00	4.999949e+00
1.902315283853221e-08	0.000000e+00	5.000045e+00
1.906221533853221e-08	0.000000e+00	4.999951e+00
1.910127783853221e-08	0.000000e+00	5.000043e+00
1.914034033853221e-08	0.000000e+00	4.999953e+00
1.917940283853221e-08	0.000000e+00	5.000041e+00
1.921846533853221e-08	0.000000e+00	4.999955e+00
1.925752783853221e-08	0.000000e+00	5.000040e+00
1.929659033853221e-08	0.000000e+00	4.999957e+00
1.933565283853221e-08	0.000000e+00	5.000038e+00
1.937471533853221e-08	0.000000e+00	4.999959e+00
1.941377783853221e-08	0.000000e+00	5.000037e+00
1.945284033853221e-08	0.000000e+00	4.999960e+00
1.949190283853221e-08	0.000000e+00	5.000035e+00
1.953096533853221e-08	0.000000e+00	4.999962e+00
1.957002783853221e-08	0.000000e+00	5.000033e+00
1.960909033853221e-08	0.000000e+00	4.999964e+00
1.964815283853221e-08	0.000000e+00	5.000032e+00
1.968721533853221e-08	0.000000e+00	4.999965e+00
1.972627783853221e-08	0.000000e+00	5.000031e+00
1.976534033853221e-08	0.000000e+00	4.999967e+00
1.980440283853221e-08	0.000000e+00	5.000030e+00
1.984346533853221e-08	0.000000e+00	4.999968e+00
1.988252783853221e-08	0.000000e+00	5.000028e+00
1.992159033853221e-08	0.000000e+00	4.999969e+00
1.996065283853220e-08	0.000000e+00	5.000027e+00
1.999971533853220e-08	0.000000e+00	4.999971e+00
2.003877783853220e-08	0.000000e+00	5.000026e+00
2.007784033853220e-08	0.000000e+00	4.999972e+00
2.011690283853220e-08	0.000000e+00	5.000024e+00
2.015596533853220e-08	0.000000e+00	4.999974e+00
2.019502783853220e-08	0.000000e+00	5.000023e+00
2.023409033853220e-08	0.000000e+00	4.999975e+00
2.027315283853220e-08	0.000000e+00	5.000022e+00
2.031221533853220e-08	0.000000e+00	4.999976e+00
2.035127783853220e-08	0.000000e+00	5.000021e+00
2.039034033853220e-08	0.000000e+00	4.999977e+00
2.042940283853220e-08	0.000000e+00	5.000020e+00
2.046846533853220e-08	0.000000e+00	4.999979e+00
2.050752783853220e-08	0.000000e+00	5.000019e+00
2.054659033853220e-08	0.000000e+00	4.999979e+00
2.058565283853220e-08	0.000000e+00	5.000018e+00
2.062471533853220e-08	0.000000e+00	4.999980e+00
2.066377783853220e-08	0.000000e+00	5.000017e+00
2.070284033853220e-08	0.000000e+00	4.999982e+00
2.074190283853220e-08	0.000000e+00	5.000016e+00
2.078096533853220e-08	0.000000e+00	4.999983e+00
2.082002783853220e-08	0.000000e+00	5.000015e+00
2.085909033853220e-08	0.000000e+00	4.999984e+00
2.089815283853220e-08	0.000000e+00	5.000014e+00
2.093721533853220e-08	0.000000e+00	4.999985e+00
2.097627783853220e-08	0.000000e+00	5.000013e+00
2.101534033853219e-08	0.000000e+00	4.999986e+00
2.105440283853219e-08	0.000000e+00	5.000012e+00
2.109346533853219e-08	0.000000e+00	4.999987e+00
2.110000000000000e-08	0.000000e+00	5.000010e+00
2.110065346614678e-08	3.267331e-02	5.001495e+00
2.110196039844035e-08	9.801992e-02	5.005002e+00
2.110457426302747e-08	2.287132e-01	5.012268e+00
2.110980199220172e-08	4.900996e-01	5.025681e+00
2.112025745055021e-08	1.012873e+00	5.049137e+00
2.113643894579843e-08	1.821947e+00	5.050316e+00
2.115799085099736e-08	2.899543e+00	4.974925e+00
2.118441532311096e-08	4.220766e+00	4.752555e+00
2.120000000000000e-08	5.000000e+00	4.528956e+00
2.120155846768891e-08	5.000000e+00	4.500914e+00
2.120467540306672e-08	5.000000e+00	4.444810e+00
2.121090927382234e-08	5.000000e+00	4.335887e+00
2.122337701533357e-08	5.000000e+00	4.134886e+00
2.124831249835605e-08	5.000000e+00	3.750888e+00
2.127873875058430e-08	5.000000e+00	3.301973e+00
2.131780125058430e-08	5.000000e+00	2.750524e+00
2.135686375058430e-08	5.000000e+00	2.235986e+00
2.139592625058430e-08	5.000000e+00	1.795969e+00
2.143498875058430e-08	5.000000e+00	1.421500e+00
2.146508079677761e-08	5.000000e+00	1.158870e+00
2.149840843708205e-08	5.000000e+00	8.751302e-01
2.153747093708205e-08	5.000000e+00	6.016583e-01
2.157578226462656e-08	5.000000e+00	3.978436e-01
2.161484476462656e-08	5.000000e+00	2.561875e-01
2.165390726462656e-08	5.000000e+00	1.639133e-01
2.169296976462656e-08	5.000000e+00	1.044504e-01
2.173203226462656e-08	5.000000e+00	6.642798e-02
2.177109476462655e-08	5.000000e+00	4.216890e-02
2.181015726462655e-08	5.000000e+00	2.676500e-02
2.184921976462655e-08	5.000000e+00	1.695471e-02
2.188828226462655e-08	5.000000e+00	1.076091e-02
2.192734476462655e-08	5.000000e+00	6.806756e-03
2.196640726462655e-08	5.000000e+00	4.328112e-03
2.200546976462655e-08	5.000000e+00	2.728934e-03
2.204453226462655e-08	5.000000e+00	1.743836e-03
2.208359476462655e-08	5.000000e+00	1.090724e-03
2.212265726462655e-08	5.000000e+00	7.058745e-04
2.216171976462655e-08	5.000000e+00	4.326004e-04
2.220078226462655e-08	5.000000e+00	2.890647e-04
2.223984476462655e-08	5.000000e+00	1.681637e-04
2.227890726462655e-08	5.000000e+00	1.218017e-04
2.231796976462655e-08	5.000000e+00	6.194738e-05
2.235703226462655e-08	5.000000e+00	5.471403e-05
2.239609476462655e-08	5.000000e+00	1.915362e-05
2.243515726462655e-08	5.000000e+00	2.804784e-05
2.247421976462655e-08	5.000000e+00	2.217573e-06
2.251328226462655e-08	5.000000e+00	1.746167e-05
2.255234476462655e-08	5.000000e+00	-4.801228e-06
2.259140726462655e-08	5.000000e+00	1.327969e-05
2.263046976462655e-08	5.000000e+00	-7.701272e-06
2.266953226462655e-08	5.000000e+00	1.168390e-05
2.270859476462655e-08	5.000000e+00	-8.929621e-06
2.274765726462655e-08	5.000000e+00	1.111686e-05
2.278671976462655e-08	5.000000e+00	-9.560524e-06
2.282578226462654e-08	5.000000e+00	1.074587e-05
2.286484476462654e-08	5.000000e+00	-1.007710e-05
2.290390726462654e-08	5.000000e+00	1.059416e-05
2.294296976462654e-08	5.000000e+00	-1.034537e-05
2.298203226462654e-08	5.000000e+00	1.067471e-05
2.302109476462654e-08	5.000000e+00	-1.028742e-05
2.306015726462654e-08	5.000000e+00	1.095529e-05
2.309921976462654e-08	5.000000e+00	-1.025457e-05
2.313828226462654e-08	5.000000e+00	1.112137e-05
2.317734476462654e-08	5.000000e+00	-1.028989e-05
2.321640726462654e-08	5.000000e+00	1.123630e-05
2.325546976462654e-08	5.000000e+00	-1.034910e-05
2.329453226462654e-08	5.000000e+00	1.132757e-05
2.333359476462654e-08	5.000000e+00	-1.041489e-05
2.337265726462654e-08	5.000000e+00	1.140629e-05
2.341171976462654e-08	5.000000e+00	-1.048043e-05
2.345078226462654e-08	5.000000e+00	1.147700e-05
2.348984476462654e-08	5.000000e+00	-1.054311e-05
2.352890726462654e-08	5.000000e+00	1.154163e-05
2.356796976462654e-08	5.000000e+00	-1.060198e-05
2.360703226462654e-08	5.000000e+00	1.160108e-05
2.364609476462654e-08	5.000000e+00	-1.065677e-05
2.368515726462654e-08	5.000000e+00	1.165578e-05
2.372421976462654e-08	5.000000e+00	-1.070747e-05
2.376328226462654e-08	5.000000e+00	1.170602e-05
2.380234476462654e-08	5.000000e+00	-1.075416e-05
2.384140726462653e-08	5.000000e+00	1.175201e-05
2.388046976462653e-08	5.000000e+00	-1.079696e-05
2.391953226462653e-08	5.000000e+00	1.179393e-05
2.395859476462653e-08	5.000000e+00	-1.083600e-05
2.399765726462653e-08	5.000000e+00	1.183193e-05
2.403671976462653e-08	5.000000e+00	-1.087144e-05
2.407578226462653e-08	5.000000e+00	1.186617e-05
2.411484476462653e-08	5.000000e+00	-1.090339e-05
2.415390726462653e-08	5.000000e+00	1.189679e-05
2.419296976462653e-08	5.000000e+00	-1.093200e-05
2.423203226462653e-08	5.000000e+00	1.192394e-05
2.427109476462653e-08	5.000000e+00	-1.095738e-05
2.431015726462653e-08	5.000000e+00	1.194773e-05
2.434921976462653e-08	5.000000e+00	-1.097967e-05
2.438828226462653e-08	5.000000e+00	1.196830e-05
2.442734476462653e-08	5.000000e+00	-1.099898e-05
2.446640726462653e-08	5.000000e+00	1.198578e-05
2.450546976462653e-08	5.000000e+00	-1.101542e-05
2.454453226462653e-08	5.000000e+00	1.200029e-05
2.458359476462653e-08	5.000000e+00	-1.102911e-05
2.462265726462653e-08	5.000000e+00	1.201193e-05
2.466171976462653e-08	5.000000e+00	-1.104016e-05
2.470078226462653e-08	5.000000e+00	1.202082e-05
2.473984476462653e-08	5.000000e+00	-1.104865e-05
2.477890726462653e-08	5.000000e+00	1.202707e-05
2.481796976462653e-08	5.000000e+00	-1.105470e-05
2.485703226462653e-08	5.000000e+00	1.203109e-05
2.489609476462652e-08	5.000000e+00	-1.105762e-05
2.493515726462652e-08	5.000000e+00	1.203357e-05
2.497421976462652e-08	5.000000e+00	-1.105770e-05
2.501328226462652e-08	5.000000e+00	1.203394e-05
2.505234476462652e-08	5.000000e+00	-1.105547e-05
2.509140726462652e-08	5.000000e+00	1.203212e-05
2.513046976462652e-08	5.000000e+00	-1.105114e-05
2.516953226462652e-08	5.000000e+00	1.202814e-05
2.520859476462652e-08	5.000000e+00	-1.104484e-05
2.524765726462652e-08	5.000000e+00	1.202204e-05
2.528671976462652e-08	5.000000e+00	-1.103667e-05
2.532578226462652e-08	5.000000e+00	1.201390e-05
2.536484476462652e-08	5.000000e+00	-1.102672e-05
2.540390726462652e-08	5.000000e+00	1.200380e-05
2.544296976462652e-08	5.000000e+00	-1.101505e-05
2.548203226462652e-08	5.000000e+00	1.199181e-05
2.552109476462652e-08	5.000000e+00	-1.100174e-05
2.556015726462652e-08	5.000000e+00	1.197801e-05
2.559921976462652e-08	5.000000e+00	-1.098686e-05
2.563828226462652e-08	5.000000e+00	1.196247e-05
2.567734476462652e-08	5.000000e+00	-1.097047e-05
2.571640726462652e-08	5.000000e+00	1.194528e-05
2.575546976462652e-08	5.000000e+00	-1.095263e-05
2.579453226462652e-08	5.000000e+00	1.192649e-05
2.583359476462652e-08	5.000000e+00	-1.093342e-05
2.587265726462652e-08	5.000000e+00	1.190617e-05
2.591171976462652e-08	5.000000e+00	-1.091287e-05
2.595078226462651e-08	5.000000e+00	1.188438e-05
2.598984476462651e-08	5.000000e+00	-1.089106e-05
2.602890726462651e-08	5.000000e+00	1.186120e-05
2.606796976462651e-08	5.000000e+00	-1.086803e-05
2.610703226462651e-08	5.000000e+00	1.183668e-05
2.614609476462651e-08	5.000000e+00	-1.084385e-05
2.618515726462651e-08	5.000000e+00	1.181087e-05
2.622421976462651e-08	5.000000e+00	-1.081854e-05
2.626328226462651e-08	5.000000e+00	1.178383e-05
2.630234476462651e-08	5.000000e+00	-1.079218e-05
2.634140726462651e-08	5.000000e+00	1.175562e-05
2.635000000000000e-08	5.000000e+00	-1.063432e-05
2.635085927353735e-08	4.957036e+00	-1.693781e-03
2.635257782061205e-08	4.871109e+00	-5.198183e-03
2.635601491476145e-08	4.699254e+00	-1.193297e-02
2.636288910306024e-08	4.355545e+00	-2.478966e-02
2.637436052002064e-08	3.781974e+00	-3.956630e-02
2.638579440737670e-08	3.210280e+00	-2.145400e-02
2.640082053989923e-08	2.458973e+00	5.979632e-02
2.643087280494428e-08	9.563597e-01	4.535520e-01
2.645000000000001e-08	0.000000e+00	8.702250e-01
2.645191271950558e-08	0.000000e+00	9.208281e-01
2.645573815851672e-08	0.000000e+00	1.021742e+00
2.646338903653901e-08	0.000000e+00	1.218945e+00
2.647739848727467e-08	0.000000e+00	1.566328e+00
2.650541738874598e-08	0.000000e+00	2.215888e+00
2.654447988874598e-08	0.000000e+00	3.003296e+00
2.658354238874598e-08	0.000000e+00	3.612870e+00
2.662260488874598e-08	0.000000e+00	3.991587e+00
2.665058783229696e-08	0.000000e+00	4.175953e+00
2.667733554656843e-08	0.000000e+00	4.359704e+00
2.670579367372962e-08	0.000000e+00	4.551853e+00
2.673934120423168e-08	0.000000e+00	4.719614e+00
2.677502498569568e-08	0.000000e+00	4.832309e+00
2.681408748569568e-08	0.000000e+00	4.905443e+00
2.685314998569568e-08	0.000000e+00	4.946480e+00
2.689221248569568e-08	0.000000e+00	4.970015e+00
2.693127498569568e-08	0.000000e+00	4.982927e+00
2.697033748569568e-08	0.000000e+00	4.990571e+00
2.700939998569568e-08	0.000000e+00	4.994512e+00
2.704846248569568e-08	0.000000e+00	4.997087e+00
2.708752498569568e-08	0.000000e+00	4.998183e+00
2.712658748569568e-08	0.000000e+00	4.999151e+00
2.716564998569568e-08	0.000000e+00	4.999342e+00
2.720471248569568e-08	0.000000e+00	4.999792e+00
2.724377498569567e-08	0.000000e+00	4.999712e+00
2.728283748569567e-08	0.000000e+00	5.000000e+00
2.732189998569567e-08	0.000000e+00	4.999834e+00
2.736096248569567e-08	0.000000e+00	5.000067e+00
2.740002498569567e-08	0.000000e+00	4.999874e+00
2.743908748569567e-08	0.000000e+00	5.000086e+00
2.747814998569567e-08	0.000000e+00	4.999888e+00
2.751721248569567e-08	0.000000e+00	5.000091e+00
2.755627498569567e-08	0.000000e+00	4.999895e+00
2.759533748569567e-08	0.000000e+00	5.000091e+00
2.763439998569567e-08	0.000000e+00	4.999898e+00
2.767346248569567e-08	0.000000e+00	5.000089e+00
2.771252498569567e-08	0.000000e+00	4.999901e+00
2.775158748569567e-08	0.000000e+00	5.000087e+00
2.779064998569567e-08	0.000000e+00	4.999904e+00
2.782971248569567e-08	0.000000e+00	5.000085e+00
2.786877498569567e-08	0.000000e+00	4.999907e+00
2.790783748569567e-08	0.000000e+00	5.000082e+00
2.794689998569567e-08	0.000000e+00	4.999909e+00
2.798596248569567e-08	0.000000e+00	5.000081e+00
2.802502498569567e-08	0.000000e+00	4.999911e+00
2.806408748569567e-08	0.000000e+00	5.000079e+00
2.810314998569567e-08	0.000000e+00	4.999913e+00
2.814221248569567e-08	0.000000e+00	5.000076e+00
2.818127498569567e-08	0.000000e+00	4.999916e+00
2.822033748569567e-08	0.000000e+00	5.000074e+00
2.825939998569567e-08	0.000000e+00	4.999918e+00
2.829846248569566e-08	0.000000e+00	5.000072e+00
2.833752498569566e-08	0.000000e+00	4.999920e+00
2.837658748569566e-08	0.000000e+00	5.000071e+00
2.841564998569566e-08	0.000000e+00	4.999922e+00
2.845471248569566e-08	0.000000e+00	5.000069e+00
2.849377498569566e-08	0.000000e+00	4.999924e+00
2.853283748569566e-08	0.000000e+00	5.000067e+00
2.857189998569566e-08	0.000000e+00	4.999927e+00
2.861096248569566e-08	0.000000e+00	5.000065e+00
2.865002498569566e-08	0.000000e+00	4.999928e+00
2.868908748569566e-08	0.000000e+00	5.000063e+00
2.872814998569566e-08	0.000000e+00	4.999930e+00
2.876721248569566e-08	0.000000e+00	5.000062e+00
2.880627498569566e-08	0.000000e+00	4.999932e+00
2.884533748569566e-08	0.000000e+00	5.000060e+00
2.888439998569566e-08	0.000000e+00	4.999934e+00
2.892346248569566e-08	0.000000e+00	5.000058e+00
2.896252498569566e-08	0.000000e+00	4.999936e+00
2.900158748569566e-08	0.000000e+00	5.000056e+00
2.904064998569566e-08	0.000000e+00	4.999938e+00
2.907971248569566e-08	0.000000e+00	5.000055e+00
2.911877498569566e-08	0.000000e+00	4.999940e+00
2.915783748569566e-08	0.000000e+00	5.000053e+00
2.919689998569566e-08	0.000000e+00	4.999942e+00
2.923596248569566e-08	0.000000e+00	5.000051e+00
2.927502498569566e-08	0.000000e+00	4.999944e+00
2.931408748569566e-08	0.000000e+00	5.000051e+00
2.935314998569565e-08	0.000000e+00	4.999947e+00
2.939221248569565e-08	0.000000e+00	5.000051e+00
2.943127498569565e-08	0.000000e+00	4.999949e+00
2.947033748569565e-08	0.000000e+00	5.000050e+00
2.950939998569565e-08	0.000000e+00	4.999950e+00
2.954846248569565e-08	0.000000e+00	5.000047e+00
2.958752498569565e-08	0.000000e+00	4.999950e+00
2.962658748569565e-08	0.000000e+00	5.000044e+00
2.966564998569565e-08	0.000000e+00	4.999952e+00
2.970471248569565e-08	0.000000e+00	5.000043e+00
2.974377498569565e-08	0.000000e+00	4.999953e+00
2.978283748569565e-08	0.000000e+00	5.000041e+00
2.982189998569565e-08	0.000000e+00	4.999955e+00
2.986096248569565e-08	0.000000e+00	5.000040e+00
2.990002498569565e-08	0.000000e+00	4.999956e+00
2.993908748569565e-08	0.000000e+00	5.000039e+00
2.997814998569565e-08	0.000000e+00	4.999958e+00
3.001721248569565e-08	0.000000e+00	5.000038e+00
3.005627498569565e-08	0.000000e+00	4.999959e+00
3.009533748569565e-08	0.000000e+00	5.000036e+00
3.013439998569565e-08	0.000000e+00	4.999960e+00
3.017346248569565e-08	0.000000e+00	5.000035e+00
3.021252498569565e-08	0.000000e+00	4.999961e+00
3.025158748569565e-08	0.000000e+00	5.000034e+00
3.029064998569565e-08	0.000000e+00	4.999963e+00
3.032971248569565e-08	0.000000e+00	5.000033e+00
3.036877498569565e-08	0.000000e+00	4.999964e+00
3.040783748569565e-08	0.000000e+00	5.000031e+00
3.044689998569565e-08	0.000000e+00	4.999965e+00
3.048596248569565e-08	0.000000e+00	5.000031e+00
3.052502498569565e-08	0.000000e+00	4.999967e+00
3.056408748569565e-08	0.000000e+00	5.000030e+00
3.060314998569565e-08	0.000000e+00	4.999968e+00
3.064221248569565e-08	0.000000e+00	5.000028e+00
3.068127498569565e-08	0.000000e+00	4.999969e+00
3.072033748569564e-08	0.000000e+00	5.000027e+00
3.075939998569564e-08	0.000000e+00	4.999970e+00
3.079846248569564e-08	0.000000e+00	5.000026e+00
3.083752498569564e-08	0.000000e+00	4.999971e+00
3.087658748569564e-08	0.000000e+00	5.000025e+00
3.091564998569564e-08	0.000000e+00	4.999972e+00
3.095471248569564e-08	0.000000e+00	5.000024e+00
3.099377498569564e-08	0.000000e+00	4.999973e+00
3.103283748569564e-08	0.000000e+00	5.000023e+00
3.107189998569564e-08	0.000000e+00	4.999974e+00
3.111096248569564e-08	0.000000e+00	5.000022e+00
3.115002498569564e-08	0.000000e+00	4.999976e+00
3.118908748569564e-08	0.000000e+00	5.000021e+00
3.122814998569564e-08	0.000000e+00	4.999977e+00
3.126721248569564e-08	0.000000e+00	5.000021e+00
3.130627498569564e-08	0.000000e+00	4.999978e+00
3.134533748569564e-08	0.000000e+00	5.000020e+00
3.138439998569564e-08	0.000000e+00	4.999979e+00
3.140000000000000e-08	0.000000e+00	5.000018e+00
3.140156000143044e-08	7.800007e-02	5.003957e+00
3.140468000429131e-08	2.340002e-01	5.012419e+00
3.141092001001306e-08	5.460005e-01	5.028506e+00
3.142340002145655e-08	1.170001e+00	5.052632e+00
3.144031091254407e-08	2.015546e+00	5.042209e+00
3.146131722676930e-08	3.065861e+00	4.955257e+00
3.148702244970185e-08	4.351122e+00	4.720658e+00
3.150000000000000e-08	5.000000e+00	4.530320e+00
3.150129775502982e-08	5.000000e+00	4.507000e+00
3.150389326508945e-08	5.000000e+00	4.460226e+00
3.150908428520871e-08	5.000000e+00	4.368326e+00
3.151946632544723e-08	5.000000e+00	4.197987e+00
3.154023040592428e-08	5.000000e+00	3.874654e+00
3.156959442196717e-08	5.000000e+00	3.436182e+00
3.160865692196717e-08	5.000000e+00	2.878075e+00
3.164771942196717e-08	5.000000e+00	2.352786e+00
3.168678192196717e-08	5.000000e+00	1.893252e+00
3.172584442196717e-08	5.000000e+00	1.502179e+00
3.175630695240372e-08	5.000000e+00	1.239507e+00
3.179082715605690e-08	5.000000e+00	9.377276e-01
3.182732920322201e-08	5.000000e+00	6.669351e-01
3.186577844791240e-08	5.000000e+00	4.452866e-01
3.190484094791240e-08	5.000000e+00	2.873055e-01
3.194390344791240e-08	5.000000e+00	1.842594e-01
3.198296594791240e-08	5.000000e+00	1.173297e-01
3.202202844791240e-08	5.000000e+00	7.483336e-02
3.206109094791239e-08	5.000000e+00	4.734280e-02
3.210015344791239e-08	5.000000e+00	3.022503e-02
3.213921594791239e-08	5.000000e+00	1.897807e-02
3.217827844791239e-08	5.000000e+00	1.221224e-02
3.221734094791239e-08	5.000000e+00	7.561034e-03
3.225640344791239e-08	5.000000e+00	4.969318e-03
3.229546594791239e-08	5.000000e+00	2.974744e-03
3.233452844791239e-08	5.000000e+00	2.057700e-03
3.237359094791239e-08	5.000000e+00	1.134575e-03
3.241265344791239e-08	5.000000e+00	8.874655e-04
3.245171594791239e-08	5.000000e+00	3.970526e-04
3.249077844791239e-08	5.000000e+00	4.153889e-04
3.252984094791239e-08	5.000000e+00	1.019292e-04
3.256890344791239e-08	5.000000e+00	2.237894e-04
3.260796594791239e-08	5.000000e+00	-1.517607e-05
3.264702844791239e-08	5.000000e+00	1.456526e-04
3.268609094791239e-08	5.000000e+00	-6.055659e-05
3.272515344791239e-08	5.000000e+00	1.144620e-04
3.276421594791239e-08	5.000000e+00	-7.538196e-05
3.280327844791239e-08	5.000000e+00	1.013510e-04
3.284234094791239e-08	5.000000e+00	-7.993896e-05
3.288140344791239e-08	5.000000e+00	9.466595e-05
3.292046594791239e-08	5.000000e+00	-8.046998e-05
3.295952844791239e-08	5.000000e+00	9.059248e-05
3.299859094791239e-08	5.000000e+00	-7.942640e-05
3.303765344791239e-08	5.000000e+00	8.760018e-05
3.307671594791238e-08	5.000000e+00	-7.778696e-05
3.311577844791238e-08	5.000000e+00	8.507637e-05
3.315484094791238e-08	5.000000e+00	-7.594196e-05
3.319390344791238e-08	5.000000e+00	8.277518e-05
3.323296594791238e-08	5.000000e+00	-7.404654e-05
3.327202844791238e-08	5.000000e+00	8.059739e-05
3.331109094791238e-08	5.000000e+00	-7.216185e-05
3.335015344791238e-08	5.000000e+00	7.850244e-05
3.338921594791238e-08	5.000000e+00	-7.031149e-05
3.342827844791238e-08	5.000000e+00	7.647320e-05
3.346734094791238e-08	5.000000e+00	-6.850411e-05
3.350640344791238e-08	5.000000e+00	7.450197e-05
3.354546594791238e-08	5.000000e+00	-6.674237e-05
3.358452844791238e-08	5.000000e+00	7.258481e-05
3.362359094791238e-08	5.000000e+00	-6.502657e-05
3.366265344791238e-08	5.000000e+00	7.071934e-05
3.370171594791238e-08	5.000000e+00	-6.335610e-05
3.374077844791238e-08	5.000000e+00	6.890378e-05
3.377984094791238e-08	5.000000e+00	-6.172998e-05
3.381890344791238e-08	5.000000e+00	6.713665e-05
3.385796594791238e-08	5.000000e+00	-6.014713e-05
3.389702844791238e-08	5.000000e+00	6.541659e-05
3.393609094791238e-08	5.000000e+00	-5.860641e-05
3.397515344791238e-08	5.000000e+00	6.374233e-05
3.401421594791238e-08	5.000000e+00	-5.710672e-05
3.405327844791238e-08	5.000000e+00	6.211262e-05
3.409234094791238e-08	5.000000e+00	-5.564696e-05
3.413140344791237e-08	5.000000e+00	6.052627e-05
3.417046594791237e-08	5.000000e+00	-5.422607e-05
3.420952844791237e-08	5.000000e+00	5.898212e-05
3.424859094791237e-08	5.000000e+00	-5.284301e-05
3.428765344791237e-08	5.000000e+00	5.747903e-05
3.432671594791237e-08	5.000000e+00	-5.149675e-05
3.436577844791237e-08	5.000000e+00	5.601592e-05
3.440484094791237e-08	5.000000e+00	-5.018632e-05
3.444390344791237e-08	5.000000e+00	5.459170e-05
3.448296594791237e-08	5.000000e+00	-4.891075e-05
3.452202844791237e-08	5.000000e+00	5.320535e-05
3.456109094791237e-08	5.000000e+00	-4.766911e-05
3.460015344791237e-08	5.000000e+00	5.185583e-05
3.463921594791237e-08	5.000000e+00	-4.646049e-05
3.467827844791237e-08	5.000000e+00	5.054217e-05
3.471734094791237e-08	5.000000e+00	-4.528400e-05
3.475640344791237e-08	5.000000e+00	4.926342e-05
3.479546594791237e-08	5.000000e+00	-4.413879e-05
3.483452844791237e-08	5.000000e+00	4.801862e-05
3.487359094791237e-08	5.000000e+00	-4.302401e-05
3.491265344791237e-08	5.000000e+00	4.680688e-05
3.495171594791237e-08	5.000000e+00	-4.193884e-05
3.499077844791237e-08	5.000000e+00	4.562730e-05
3.502984094791237e-08	5.000000e+00	-4.088250e-05
3.506890344791237e-08	5.000000e+00	4.447904e-05
3.510796594791237e-08	5.000000e+00	-3.985420e-05
3.514702844791237e-08	5.000000e+00	4.336124e-05
3.518609094791236e-08	5.000000e+00	-3.885321e-05
3.522515344791236e-08	5.000000e+00	4.227309e-05
3.526421594791236e-08	5.000000e+00	-3.787877e-05
3.530327844791236e-08	5.000000e+00	4.121380e-05
3.534234094791236e-08	5.000000e+00	-3.693019e-05
3.538140344791236e-08	5.000000e+00	4.018259e-05
3.542046594791236e-08	5.000000e+00	-3.600677e-05
3.545952844791236e-08	5.000000e+00	3.917872e-05
3.549859094791236e-08	5.000000e+00	-3.510783e-05
3.553765344791236e-08	5.000000e+00	3.820144e-05
3.557671594791236e-08	5.000000e+00	-3.423272e-05
3.561577844791236e-08	5.000000e+00	3.725005e-05
3.565484094791236e-08	5.000000e+00	-3.338079e-05
3.569390344791236e-08	5.000000e+00	3.632385e-05
3.573296594791236e-08	5.000000e+00	-3.255143e-05
3.577202844791236e-08	5.000000e+00	3.542218e-05
3.581109094791236e-08	5.000000e+00	-3.174403e-05
3.585015344791236e-08	5.000000e+00	3.454436e-05
3.588921594791236e-08	5.000000e+00	-3.095800e-05
3.592827844791236e-08	5.000000e+00	3.368976e-05
3.596734094791236e-08	5.000000e+00	-3.019277e-05
3.600640344791236e-08	5.000000e+00	3.285776e-05
3.604546594791236e-08	5.000000e+00	-2.944778e-05
3.608452844791236e-08	5.000000e+00	3.204776e-05
3.612359094791236e-08	5.000000e+00	-2.872248e-05
3.616265344791236e-08	5.000000e+00	3.125915e-05
3.620171594791236e-08	5.000000e+00	-2.801635e-05
3.624077844791235e-08	5.000000e+00	3.049138e-05
3.627984094791235e-08	5.000000e+00	-2.732887e-05
3.631890344791235e-08	5.000000e+00	2.974388e-05
3.635796594791235e-08	5.000000e+00	-2.665955e-05
3.639702844791235e-08	5.000000e+00	2.901611e-05
3.643609094791235e-08	5.000000e+00	-2.600789e-05
3.647515344791235e-08	5.000000e+00	2.830754e-05
3.651421594791235e-08	5.000000e+00	-2.537343e-05
3.655327844791235e-08	5.000000e+00	2.761765e-05
3.659234094791235e-08	5.000000e+00	-2.475569e-05
3.663140344791235e-08	5.000000e+00	2.694595e-05
3.665000000000001e-08	5.000000e+00	-2.370027e-05
3.665185965520877e-08	4.907017e+00	-3.702552e-03
3.665557896562630e-08	4.721052e+00	-1.106383e-02
3.666301758646136e-08	4.349121e+00	-2.502186e-02
3.667582811913113e-08	3.708594e+00	-3.892752e-02
3.668854603203565e-08	3.072698e+00	-1.103928e-02
3.670460263364304e-08	2.269868e+00	9.085140e-02
3.673671583685781e-08	6.642082e-01	5.670402e-01
3.675000000000001e-08	0.000000e+00	8.692005e-01
3.675132841631423e-08	0.000000e+00	9.043336e-01
3.675398524894266e-08	0.000000e+00	9.747117e-01
3.675929891419954e-08	0.000000e+00	1.113208e+00
3.676928295571250e-08	0.000000e+00	1.365877e+00
3.678925103873839e-08	0.000000e+00	1.847452e+00
3.682831353873839e-08	0.000000e+00	2.693822e+00
3.686737603873839e-08	0.000000e+00	3.387872e+00
3.690643853873839e-08	0.000000e+00	3.854784e+00
3.694550103873839e-08	0.000000e+00	4.149033e+00
3.697472429775959e-08	0.000000e+00	4.339993e+00
3.700673587122788e-08	0.000000e+00	4.556009e+00
3.703854967130842e-08	0.000000e+00	4.715519e+00
3.707318353588473e-08	0.000000e+00	4.827198e+00
3.711224603588473e-08	0.000000e+00	4.902454e+00
3.715130853588473e-08	0.000000e+00	4.944874e+00
3.719037103588473e-08	0.000000e+00	4.969028e+00
3.722943353588473e-08	0.000000e+00	4.982451e+00
3.726849603588473e-08	0.000000e+00	4.990225e+00
3.730755853588473e-08	0.000000e+00	4.994393e+00
3.734662103588473e-08	0.000000e+00	4.996945e+00
3.738568353588473e-08	0.000000e+00	4.998177e+00
3.742474603588473e-08	0.000000e+00	4.999075e+00
3.746380853588473e-08	0.000000e+00	4.999378e+00
3.750287103588473e-08	0.000000e+00	4.999751e+00
3.754193353588473e-08	0.000000e+00	4.999756e+00
3.758099603588473e-08	0.000000e+00	4.999959e+00
3.762005853588473e-08	0.000000e+00	4.999876e+00
3.765912103588472e-08	0.000000e+00	5.000028e+00
3.769818353588472e-08	0.000000e+00	4.999915e+00
3.773724603588472e-08	0.000000e+00	5.000049e+00
3.777630853588472e-08	0.000000e+00	4.999928e+00
3.781537103588472e-08	0.000000e+00	5.000055e+00
3.785443353588472e-08	0.000000e+00	4.999932e+00
3.789349603588472e-08	0.000000e+00	5.000057e+00
3.793255853588472e-08	0.000000e+00	4.999934e+00
3.797162103588472e-08	0.000000e+00	5.000057e+00
3.801068353588472e-08	0.000000e+00	4.999935e+00
3.804974603588472e-08	0.000000e+00	5.000056e+00
3.808880853588472e-08	0.000000e+00	4.999936e+00
3.812787103588472e-08	0.000000e+00	5.000056e+00
3.816693353588472e-08	0.000000e+00	4.999937e+00
3.820599603588472e-08	0.000000e+00	5.000055e+00
3.824505853588472e-08	0.000000e+00	4.999938e+00
3.828412103588472e-08	0.000000e+00	5.000054e+00
3.832318353588472e-08	0.000000e+00	4.999938e+00
3.836224603588472e-08	0.000000e+00	5.000054e+00
3.840130853588472e-08	0.000000e+00	4.999939e+00
3.844037103588472e-08	0.000000e+00	5.000053e+00
3.847943353588472e-08	0.000000e+00	4.999940e+00
3.851849603588472e-08	0.000000e+00	5.000052e+00
3.855755853588472e-08	0.000000e+00	4.999941e+00
3.859662103588472e-08	0.000000e+00	5.000051e+00
3.863568353588472e-08	0.000000e+00	4.999943e+00
3.867474603588472e-08	0.000000e+00	5.000053e+00
3.871380853588471e-08	0.000000e+00	4.999945e+00
3.875287103588471e-08	0.000000e+00	5.000053e+00
3.879193353588471e-08	0.000000e+00	4.999947e+00
3.883099603588471e-08	0.000000e+00	5.000052e+00
3.887005853588471e-08	0.000000e+00	4.999947e+00
3.890912103588471e-08	0.000000e+00	5.000050e+00
3.894818353588471e-08	0.000000e+00	4.999946e+00
3.898724603588471e-08	0.000000e+00	5.000049e+00
3.902630853588471e-08	0.000000e+00	4.999946e+00
3.906537103588471e-08	0.000000e+00	5.000048e+00
3.910443353588471e-08	0.000000e+00	4.999947e+00
3.914349603588471e-08	0.000000e+00	5.000047e+00
3.918255853588471e-08	0.000000e+00	4.999948e+00
3.922162103588471e-08	0.000000e+00	5.000046e+00
3.926068353588471e-08	0.000000e+00	4.999949e+00
3.929974603588471e-08	0.000000e+00	5.000045e+00
3.933880853588471e-08	0.000000e+00	4.999949e+00
3.937787103588471e-08	0.000000e+00	5.000044e+00
3.941693353588471e-08	0.000000e+00	4.999950e+00
3.945599603588471e-08	0.000000e+00	5.000044e+00
3.949505853588471e-08	0.000000e+00	4.999951e+00
3.953412103588471e-08	0.000000e+00	5.000043e+00
3.957318353588471e-08	0.000000e+00	4.999952e+00
3.961224603588471e-08	0.000000e+00	5.000042e+00
3.965130853588471e-08	0.000000e+00	4.999952e+00
3.969037103588471e-08	0.000000e+00	5.000042e+00
3.972943353588471e-08	0.000000e+00	4.999953e+00
3.976849603588470e-08	0.000000e+00	5.000041e+00
3.980755853588470e-08	0.000000e+00	4.999954e+00
3.984662103588470e-08	0.000000e+00	5.000041e+00
3.988568353588470e-08	0.000000e+00	4.999955e+00
3.992474603588470e-08	0.000000e+00	5.000040e+00
3.996380853588470e-08	0.000000e+00	4.999956e+00
4.000000000000000e-08	0.000000e+00	5.000039e+00
