time	V(vdd)*Ix(xinv_20_1@0:vdd)
0.000000000000000e+00	2.509405e-11
5.000000000000000e-10	2.509963e-11
5.019112500898475e-10	-6.119783e-04
5.057337502695424e-10	-7.820164e-04
5.133787506289323e-10	-7.233457e-04
5.286687513477119e-10	-8.380080e-04
5.499141230094621e-10	-5.391597e-04
5.714821263586777e-10	-4.132047e-04
5.940035174573149e-10	-2.030359e-04
6.000000000000000e-10	-3.138470e-04
6.005996482542685e-10	1.503076e-04
6.017989447628055e-10	3.764618e-04
6.041975377798795e-10	2.305049e-04
6.089947238140276e-10	3.279743e-04
6.185890958823237e-10	1.867930e-04
6.377778400189160e-10	2.708821e-04
6.668862027642455e-10	1.401675e-04
7.059487027642455e-10	2.205305e-04
7.450112027642456e-10	9.701439e-05
7.840737027642456e-10	1.661064e-04
8.231362027642456e-10	4.943951e-05
8.538814822612764e-10	1.267839e-04
8.888344743384707e-10	5.041676e-05
9.229190825525924e-10	9.724176e-05
9.619815825525923e-10	1.807732e-05
1.001044082552592e-09	6.128559e-05
1.040106582552592e-09	-8.807907e-06
1.079169082552592e-09	4.143883e-05
1.118231582552592e-09	-1.960710e-05
1.157294082552593e-09	3.255002e-05
1.196356582552593e-09	-2.339073e-05
1.235419082552593e-09	2.828978e-05
1.274481582552593e-09	-2.428859e-05
1.313544082552593e-09	2.594591e-05
1.352606582552593e-09	-2.403442e-05
1.391669082552593e-09	2.440176e-05
1.430731582552593e-09	-2.334170e-05
1.469794082552593e-09	2.320273e-05
1.508856582552593e-09	-2.249612e-05
1.547919082552593e-09	2.216505e-05
1.586981582552593e-09	-2.161171e-05
1.626044082552593e-09	2.121471e-05
1.665106582552593e-09	-2.073342e-05
1.704169082552593e-09	2.032021e-05
1.743231582552593e-09	-1.987841e-05
1.782294082552593e-09	1.946891e-05
1.821356582552593e-09	-1.905358e-05
1.860419082552593e-09	1.865508e-05
1.899481582552593e-09	-1.825935e-05
1.938544082552593e-09	1.787506e-05
1.977606582552593e-09	-1.749632e-05
2.016669082552593e-09	1.712673e-05
2.055731582552593e-09	-1.676364e-05
2.094794082552593e-09	1.640860e-05
2.133856582552593e-09	-1.606027e-05
2.172919082552593e-09	1.571940e-05
2.211981582552593e-09	-1.538515e-05
2.251044082552593e-09	1.505796e-05
2.290106582552593e-09	-1.473722e-05
2.329169082552594e-09	1.442321e-05
2.368231582552594e-09	-1.411543e-05
2.407294082552594e-09	1.381411e-05
2.446356582552594e-09	-1.351878e-05
2.485419082552594e-09	1.322967e-05
2.524481582552594e-09	-1.294632e-05
2.563544082552594e-09	1.266894e-05
2.602606582552594e-09	-1.239710e-05
2.641669082552594e-09	1.213101e-05
2.680731582552594e-09	-1.187023e-05
2.719794082552594e-09	1.161499e-05
2.758856582552594e-09	-1.136485e-05
2.797919082552594e-09	1.112003e-05
2.836981582552594e-09	-1.088012e-05
2.876044082552594e-09	1.064533e-05
2.915106582552594e-09	-1.041525e-05
2.954169082552594e-09	1.019009e-05
2.993231582552594e-09	-9.969458e-06
3.032294082552594e-09	9.753563e-06
3.071356582552594e-09	-9.542014e-06
3.110419082552594e-09	9.335022e-06
3.149481582552594e-09	-9.132202e-06
3.188544082552594e-09	8.933766e-06
3.227606582552594e-09	-8.739335e-06
3.266669082552594e-09	8.549122e-06
3.305731582552595e-09	-8.362753e-06
3.344794082552595e-09	8.180442e-06
3.383856582552595e-09	-8.001820e-06
3.422919082552595e-09	7.827103e-06
3.461981582552595e-09	-7.655926e-06
3.501044082552595e-09	7.488505e-06
3.540106582552595e-09	-7.324481e-06
3.579169082552595e-09	7.164072e-06
3.618231582552595e-09	-7.006921e-06
3.657294082552595e-09	6.853247e-06
3.696356582552595e-09	-6.702700e-06
3.735419082552595e-09	6.555498e-06
3.774481582552595e-09	-6.411295e-06
3.813544082552594e-09	6.270310e-06
3.852606582552594e-09	-6.132202e-06
3.891669082552593e-09	5.997188e-06
3.930731582552593e-09	-5.864934e-06
3.969794082552593e-09	5.735657e-06
4.008856582552592e-09	-5.609027e-06
4.047919082552592e-09	5.485260e-06
4.086981582552592e-09	-5.364030e-06
4.126044082552591e-09	5.245556e-06
4.165106582552591e-09	-5.129514e-06
4.204169082552590e-09	5.016122e-06
4.243231582552590e-09	-4.905061e-06
4.282294082552590e-09	4.796550e-06
4.321356582552589e-09	-4.690273e-06
4.360419082552589e-09	4.586449e-06
4.399481582552589e-09	-4.484765e-06
4.438544082552588e-09	4.385442e-06
4.477606582552588e-09	-4.288169e-06
4.516669082552587e-09	4.193166e-06
4.555731582552587e-09	-4.100127e-06
4.594794082552587e-09	4.009273e-06
4.633856582552586e-09	-3.920300e-06
4.672919082552586e-09	3.833428e-06
4.711981582552586e-09	-3.748357e-06
4.751044082552585e-09	3.665308e-06
4.790106582552585e-09	-3.583983e-06
4.829169082552584e-09	3.504603e-06
4.868231582552584e-09	-3.426874e-06
4.907294082552584e-09	3.351016e-06
4.946356582552583e-09	-3.276737e-06
4.985419082552583e-09	3.204259e-06
5.024481582552583e-09	-3.133292e-06
5.063544082552582e-09	3.064057e-06
5.102606582552582e-09	-2.996268e-06
5.141669082552581e-09	2.930145e-06
5.180731582552581e-09	-2.865405e-06
5.219794082552581e-09	2.802267e-06
5.258856582552580e-09	-2.740453e-06
5.297919082552580e-09	2.680180e-06
5.336981582552580e-09	-2.621172e-06
5.376044082552579e-09	2.563648e-06
5.415106582552579e-09	-2.507332e-06
5.454169082552578e-09	2.452444e-06
5.493231582552578e-09	-2.398710e-06
5.532294082552578e-09	2.346350e-06
5.571356582552577e-09	-2.295093e-06
5.610419082552577e-09	2.245157e-06
5.649481582552577e-09	-2.196275e-06
5.688544082552576e-09	2.148665e-06
5.727606582552576e-09	-2.102061e-06
5.750000000000000e-09	2.023494e-06
5.752239341744743e-09	5.153837e-04
5.756718025234228e-09	5.455093e-04
5.765675392213197e-09	5.997725e-04
5.783590126171137e-09	1.890935e-03
5.801711608914066e-09	3.102595e-03
5.820784182650991e-09	4.761595e-03
5.850000000000000e-09	6.767050e-03
5.852921581734901e-09	6.242392e-03
5.858764745204702e-09	6.113059e-03
5.870451072144306e-09	6.060915e-03
5.893823726023514e-09	5.719644e-03
5.932148925650821e-09	5.130332e-03
5.971211425650821e-09	3.991263e-03
6.010273925650821e-09	3.127257e-03
6.044210595446656e-09	2.451190e-03
6.071428017830706e-09	2.024120e-03
6.102442881911288e-09	1.339125e-03
6.133746031321690e-09	9.501855e-04
6.168132521041731e-09	5.200684e-04
6.207195021041730e-09	3.597758e-04
6.246257521041730e-09	1.413248e-04
6.285320021041729e-09	1.415281e-04
6.324382521041729e-09	1.902942e-05
6.363445021041729e-09	7.074756e-05
6.402507521041728e-09	-1.938091e-05
6.441570021041728e-09	4.755225e-05
6.480632521041728e-09	-3.093094e-05
6.519695021041727e-09	3.955314e-05
6.558757521041727e-09	-3.396722e-05
6.597820021041726e-09	3.639598e-05
6.636882521041726e-09	-3.432137e-05
6.675945021041726e-09	3.479426e-05
6.715007521041725e-09	-3.384273e-05
6.754070021041725e-09	3.371487e-05
6.793132521041725e-09	-3.313172e-05
6.832195021041724e-09	3.282936e-05
6.871257521041724e-09	-3.236736e-05
6.910320021041723e-09	3.202002e-05
6.949382521041723e-09	-3.159814e-05
6.988445021041723e-09	3.125586e-05
7.027507521041722e-09	-3.084679e-05
7.066570021041722e-09	3.051497e-05
7.105632521041722e-09	-3.011801e-05
7.144695021041721e-09	2.979638e-05
7.183757521041721e-09	-2.941102e-05
7.222820021041720e-09	2.909926e-05
7.261882521041720e-09	-2.872508e-05
7.300945021041720e-09	2.842281e-05
7.340007521041719e-09	-2.805942e-05
7.379070021041719e-09	2.776632e-05
7.418132521041719e-09	-2.741333e-05
7.457195021041719e-09	2.712906e-05
7.496257521041719e-09	-2.678613e-05
7.535320021041718e-09	2.651037e-05
7.574382521041718e-09	-2.617715e-05
7.613445021041718e-09	2.590961e-05
7.652507521041717e-09	-2.558576e-05
7.691570021041717e-09	2.532613e-05
7.730632521041716e-09	-2.501135e-05
7.769695021041716e-09	2.475935e-05
7.808757521041716e-09	-2.445333e-05
7.847820021041715e-09	2.420870e-05
7.886882521041715e-09	-2.391114e-05
7.925945021041715e-09	2.367362e-05
7.965007521041714e-09	-2.338425e-05
8.004070021041714e-09	2.315359e-05
8.043132521041713e-09	-2.287213e-05
8.082195021041713e-09	2.264810e-05
8.121257521041713e-09	-2.237430e-05
8.160320021041712e-09	2.215666e-05
8.199382521041712e-09	-2.189026e-05
8.238445021041712e-09	2.167880e-05
8.277507521041711e-09	-2.141957e-05
8.316570021041711e-09	2.121407e-05
8.355632521041710e-09	-2.096177e-05
8.394695021041710e-09	2.076204e-05
8.433757521041710e-09	-2.051646e-05
8.472820021041709e-09	2.032229e-05
8.511882521041709e-09	-2.008321e-05
8.550945021041709e-09	1.989443e-05
8.590007521041708e-09	-1.966164e-05
8.629070021041708e-09	1.947806e-05
8.668132521041707e-09	-1.925137e-05
8.707195021041707e-09	1.907282e-05
8.746257521041707e-09	-1.885204e-05
8.785320021041706e-09	1.867835e-05
8.824382521041706e-09	-1.846329e-05
8.863445021041706e-09	1.829431e-05
8.902507521041705e-09	-1.808479e-05
8.941570021041705e-09	1.792037e-05
8.980632521041704e-09	-1.771622e-05
9.019695021041704e-09	1.755621e-05
9.058757521041704e-09	-1.735727e-05
9.097820021041703e-09	1.720152e-05
9.136882521041703e-09	-1.700763e-05
9.175945021041703e-09	1.685600e-05
9.215007521041702e-09	-1.666701e-05
9.254070021041702e-09	1.651939e-05
9.293132521041701e-09	-1.633515e-05
9.332195021041701e-09	1.619139e-05
9.371257521041701e-09	-1.601176e-05
9.410320021041700e-09	1.587175e-05
9.449382521041700e-09	-1.569659e-05
9.488445021041700e-09	1.556022e-05
9.527507521041699e-09	-1.538940e-05
9.566570021041699e-09	1.525654e-05
9.605632521041698e-09	-1.508993e-05
9.644695021041698e-09	1.496049e-05
9.683757521041698e-09	-1.479797e-05
9.722820021041697e-09	1.467183e-05
9.761882521041697e-09	-1.451327e-05
9.800945021041697e-09	1.439034e-05
9.840007521041696e-09	-1.423564e-05
9.879070021041696e-09	1.411581e-05
9.918132521041695e-09	-1.396486e-05
9.957195021041695e-09	1.384804e-05
9.996257521041695e-09	-1.370072e-05
1.003532002104169e-08	1.358683e-05
1.007438252104169e-08	-1.344304e-05
1.011344502104169e-08	1.333199e-05
1.015250752104169e-08	-1.319163e-05
1.019157002104169e-08	1.308333e-05
1.023063252104169e-08	-1.294631e-05
1.026969502104169e-08	1.284068e-05
1.030875752104169e-08	-1.270690e-05
1.034782002104169e-08	1.260386e-05
1.038688252104169e-08	-1.247323e-05
1.042594502104169e-08	1.237271e-05
1.046500752104169e-08	-1.224514e-05
1.050407002104169e-08	1.214707e-05
1.054313252104169e-08	-1.202248e-05
1.058219502104169e-08	1.192677e-05
1.062125752104169e-08	-1.180508e-05
1.066032002104169e-08	1.171168e-05
1.069938252104169e-08	-1.159281e-05
1.073844502104169e-08	1.150164e-05
1.077750752104169e-08	-1.138551e-05
1.080000000000000e-08	1.122305e-05
1.080224924789583e-08	-6.249683e-04
1.080674774368749e-08	-7.838103e-04
1.081574473527082e-08	-7.443625e-04
1.083317727843751e-08	-8.084031e-04
1.085728623361063e-08	-4.564953e-04
1.088363673656873e-08	-4.532489e-04
1.090000000000000e-08	-7.998775e-05
1.090163632634313e-08	2.697329e-04
1.090490897902938e-08	3.087346e-04
1.091145428440189e-08	2.447809e-04
1.092454489514691e-08	2.430097e-04
1.095072611663695e-08	1.949447e-04
1.098190411879590e-08	1.919976e-04
1.102096661879590e-08	1.517676e-04
1.106002911879589e-08	1.465182e-04
1.109909161879589e-08	9.486239e-05
1.113815411879589e-08	1.016681e-04
1.116887433892491e-08	7.660468e-05
1.120177348258033e-08	8.981808e-05
1.124083598258033e-08	4.355958e-05
1.127989848258033e-08	5.464106e-05
1.131896098258033e-08	1.103876e-05
1.135802348258032e-08	3.101309e-05
1.139708598258032e-08	-3.759729e-06
1.143614848258032e-08	2.081547e-05
1.147521098258032e-08	-9.653025e-06
1.151427348258032e-08	1.643559e-05
1.155333598258032e-08	-1.183529e-05
1.159239848258032e-08	1.445528e-05
1.163146098258032e-08	-1.250450e-05
1.167052348258032e-08	1.345568e-05
1.170958598258032e-08	-1.257286e-05
1.174864848258032e-08	1.285741e-05
1.178771098258032e-08	-1.240705e-05
1.182677348258032e-08	1.242735e-05
1.186583598258032e-08	-1.215410e-05
1.190489848258032e-08	1.207153e-05
1.194396098258032e-08	-1.187274e-05
1.198302348258032e-08	1.175219e-05
1.202208598258032e-08	-1.158674e-05
1.206114848258032e-08	1.145377e-05
1.210021098258032e-08	-1.130426e-05
1.213927348258032e-08	1.116958e-05
1.217833598258032e-08	-1.102950e-05
1.221739848258032e-08	1.089695e-05
1.225646098258032e-08	-1.076355e-05
1.229552348258032e-08	1.063462e-05
1.233458598258032e-08	-1.050661e-05
1.237364848258032e-08	1.038177e-05
1.241271098258031e-08	-1.025852e-05
1.245177348258031e-08	1.013787e-05
1.249083598258031e-08	-1.001902e-05
1.252989848258031e-08	9.902509e-06
1.256896098258031e-08	-9.787829e-06
1.260802348258031e-08	9.675325e-06
1.264708598258031e-08	-9.564626e-06
1.268614848258031e-08	9.455997e-06
1.272521098258031e-08	-9.349116e-06
1.276427348258031e-08	9.244217e-06
1.280333598258031e-08	-9.141002e-06
1.284239848258031e-08	9.039694e-06
1.288146098258031e-08	-8.940003e-06
1.292052348258031e-08	8.842147e-06
1.295958598258031e-08	-8.745844e-06
1.299864848258031e-08	8.651308e-06
1.303771098258031e-08	-8.558262e-06
1.307677348258031e-08	8.466919e-06
1.311583598258031e-08	-8.377004e-06
1.315489848258031e-08	8.288731e-06
1.319396098258031e-08	-8.201826e-06
1.323302348258031e-08	8.116504e-06
1.327208598258031e-08	-8.032494e-06
1.331114848258031e-08	7.950010e-06
1.335021098258031e-08	-7.868783e-06
1.338927348258031e-08	7.789027e-06
1.342833598258030e-08	-7.710476e-06
1.346739848258030e-08	7.633342e-06
1.350646098258030e-08	-7.557363e-06
1.354552348258030e-08	7.482752e-06
1.358458598258030e-08	-7.409246e-06
1.362364848258030e-08	7.337059e-06
1.366271098258030e-08	-7.265930e-06
1.370177348258030e-08	7.196074e-06
1.374083598258030e-08	-7.127232e-06
1.377989848258030e-08	7.059617e-06
1.381896098258030e-08	-6.992972e-06
1.385802348258030e-08	6.927510e-06
1.389708598258030e-08	-6.862978e-06
1.393614848258030e-08	6.799588e-06
1.397521098258030e-08	-6.737087e-06
1.401427348258030e-08	6.675688e-06
1.405333598258030e-08	-6.615139e-06
1.409239848258030e-08	6.555654e-06
1.413146098258030e-08	-6.496982e-06
1.417052348258030e-08	6.439337e-06
1.420958598258030e-08	-6.382469e-06
1.424864848258030e-08	6.326594e-06
1.428771098258030e-08	-6.271461e-06
1.432677348258030e-08	6.217285e-06
1.436583598258030e-08	-6.163821e-06
1.440489848258030e-08	6.111280e-06
1.444396098258030e-08	-6.059419e-06
1.448302348258029e-08	6.008450e-06
1.452208598258029e-08	-5.958130e-06
1.456114848258029e-08	5.908672e-06
1.460021098258029e-08	-5.859833e-06
1.463927348258029e-08	5.811828e-06
1.467833598258029e-08	-5.764414e-06
1.471739848258029e-08	5.717806e-06
1.475646098258029e-08	-5.671765e-06
1.479552348258029e-08	5.626494e-06
1.483458598258029e-08	-5.581773e-06
1.487364848258029e-08	5.537792e-06
1.491271098258029e-08	-5.494338e-06
1.495177348258029e-08	5.451597e-06
1.499083598258029e-08	-5.409359e-06
1.502989848258029e-08	5.367812e-06
1.506896098258029e-08	-5.326744e-06
1.510802348258029e-08	5.286344e-06
1.514708598258029e-08	-5.246400e-06
1.518614848258029e-08	5.207103e-06
1.522521098258029e-08	-5.168241e-06
1.526427348258029e-08	5.130004e-06
1.530333598258029e-08	-5.092182e-06
1.534239848258029e-08	5.054965e-06
1.538146098258029e-08	-5.018142e-06
1.542052348258029e-08	4.981906e-06
1.545958598258029e-08	-4.946044e-06
1.549864848258029e-08	4.910750e-06
1.553771098258028e-08	-4.875813e-06
1.557677348258028e-08	4.841425e-06
1.561583598258028e-08	-4.807377e-06
1.565489848258028e-08	4.773861e-06
1.569396098258028e-08	-4.740668e-06
1.573302348258028e-08	4.707990e-06
1.577208598258028e-08	-4.675618e-06
1.581114848258028e-08	4.643747e-06
1.585021098258028e-08	-4.612166e-06
1.588927348258028e-08	4.581069e-06
1.592833598258028e-08	-4.550248e-06
1.596739848258028e-08	4.519898e-06
1.600646098258028e-08	-4.489808e-06
1.604552348258028e-08	4.460175e-06
1.605000000000000e-08	-4.215015e-06
1.605044765174197e-08	4.015297e-04
1.605134295522592e-08	6.281658e-04
1.605313356219381e-08	4.920057e-04
1.605671477612958e-08	5.593881e-04
1.606387720400114e-08	5.077149e-04
1.607799050640732e-08	1.534286e-03
1.609249589262392e-08	2.348838e-03
1.610847593642110e-08	3.833795e-03
1.614043602401544e-08	6.042600e-03
1.615000000000000e-08	6.947216e-03
1.615095639759846e-08	6.361406e-03
1.615286919279537e-08	6.109381e-03
1.615669478318919e-08	6.233605e-03
1.616434596397684e-08	6.024986e-03
1.617964832555214e-08	5.980728e-03
1.621025304870273e-08	5.444305e-03
1.624931554870273e-08	4.709264e-03
1.628837804870272e-08	3.497904e-03
1.632744054870272e-08	2.821615e-03
1.635466144094356e-08	2.250650e-03
1.638200444274869e-08	1.809388e-03
1.641046119473867e-08	1.186100e-03
1.644767251575793e-08	7.892399e-04
1.648409033853224e-08	3.955207e-04
1.652315283853224e-08	2.959036e-04
1.656221533853224e-08	9.823042e-05
1.660127783853224e-08	1.227596e-04
1.664034033853224e-08	3.797387e-06
1.667940283853224e-08	6.575051e-05
1.671846533853224e-08	-2.480162e-05
1.675752783853224e-08	4.615324e-05
1.679659033853224e-08	-3.244270e-05
1.683565283853223e-08	3.851873e-05
1.687471533853223e-08	-3.348509e-05
1.691377783853223e-08	3.474400e-05
1.695284033853223e-08	-3.249302e-05
1.699190283853223e-08	3.225708e-05
1.703096533853223e-08	-3.091886e-05
1.707002783853223e-08	3.024582e-05
1.710909033853223e-08	-2.922433e-05
1.714815283853223e-08	2.843949e-05
1.718721533853223e-08	-2.755081e-05
1.722627783853223e-08	2.675017e-05
1.726534033853223e-08	-2.592883e-05
1.730440283853223e-08	2.514703e-05
1.734346533853223e-08	-2.437012e-05
1.738252783853223e-08	2.361699e-05
1.742159033853223e-08	-2.287630e-05
1.746065283853223e-08	2.215392e-05
1.749971533853223e-08	-2.144589e-05
1.753877783853223e-08	2.075399e-05
1.757784033853223e-08	-2.007656e-05
1.761690283853223e-08	1.941413e-05
1.765596533853223e-08	-1.876578e-05
1.769502783853223e-08	1.813166e-05
1.773409033853223e-08	-1.751107e-05
1.777315283853223e-08	1.690405e-05
1.781221533853223e-08	-1.630999e-05
1.785127783853222e-08	1.572892e-05
1.789034033853222e-08	-1.516025e-05
1.792940283853222e-08	1.460756e-05
1.796846533853222e-08	-1.405165e-05
1.800752783853222e-08	1.353636e-05
1.804659033853222e-08	-1.299408e-05
1.808565283853222e-08	1.250626e-05
1.812471533853222e-08	-1.198384e-05
1.816377783853222e-08	1.151868e-05
1.820284033853222e-08	-1.101742e-05
1.824190283853222e-08	1.057281e-05
1.828096533853222e-08	-1.009249e-05
1.832002783853222e-08	9.667195e-06
1.835909033853222e-08	-9.207142e-06
1.839815283853222e-08	8.800215e-06
1.843721533853222e-08	-8.359656e-06
1.847627783853222e-08	7.970272e-06
1.851534033853222e-08	-7.548417e-06
1.855440283853222e-08	7.175817e-06
1.859346533853222e-08	-6.771897e-06
1.863252783853222e-08	6.415360e-06
1.867159033853222e-08	-6.028638e-06
1.871065283853222e-08	5.687481e-06
1.874971533853222e-08	-5.317248e-06
1.878877783853222e-08	4.990819e-06
1.882784033853222e-08	-4.636399e-06
1.886690283853222e-08	4.324075e-06
1.890596533853221e-08	-3.984822e-06
1.894502783853221e-08	3.686008e-06
1.898409033853221e-08	-3.361304e-06
1.902315283853221e-08	3.075432e-06
1.906221533853221e-08	-2.764685e-06
1.910127783853221e-08	2.491214e-06
1.914034033853221e-08	-2.193859e-06
1.917940283853221e-08	1.932270e-06
1.921846533853221e-08	-1.647766e-06
1.925752783853221e-08	1.397565e-06
1.929659033853221e-08	-1.125394e-06
1.933565283853221e-08	8.861079e-07
1.937471533853221e-08	-6.257768e-07
1.941377783853221e-08	3.969533e-07
1.945284033853221e-08	-1.479880e-07
1.949190283853221e-08	-7.080467e-08
1.953096533853221e-08	3.088572e-07
1.957002783853221e-08	-5.180314e-07
1.960909033853221e-08	7.456149e-07
1.964815283853221e-08	-9.455342e-07
1.968721533853221e-08	1.163107e-06
1.972627783853221e-08	-1.354119e-06
1.976534033853221e-08	1.562090e-06
1.980440283853221e-08	-1.744554e-06
1.984346533853221e-08	1.943305e-06
1.988252783853221e-08	-2.117564e-06
1.992159033853221e-08	2.307459e-06
1.996065283853220e-08	-2.473845e-06
1.999971533853220e-08	2.655230e-06
2.003877783853220e-08	-2.814060e-06
2.007784033853220e-08	2.987270e-06
2.011690283853220e-08	-3.138847e-06
2.015596533853220e-08	3.304200e-06
2.019502783853220e-08	-3.448814e-06
2.023409033853220e-08	3.606616e-06
2.027315283853220e-08	-3.744544e-06
2.031221533853220e-08	3.895088e-06
2.035127783853220e-08	-4.026597e-06
2.039034033853220e-08	4.170163e-06
2.042940283853220e-08	-4.295508e-06
2.046846533853220e-08	4.432364e-06
2.050752783853220e-08	-4.551788e-06
2.054659033853220e-08	4.682194e-06
2.058565283853220e-08	-4.795930e-06
2.062471533853220e-08	4.920132e-06
2.066377783853220e-08	-5.028405e-06
2.070284033853220e-08	5.146640e-06
2.074190283853220e-08	-5.249664e-06
2.078096533853220e-08	5.362158e-06
2.082002783853220e-08	-5.460138e-06
2.085909033853220e-08	5.567111e-06
2.089815283853220e-08	-5.660244e-06
2.093721533853220e-08	5.761904e-06
2.097627783853220e-08	-5.850379e-06
2.101534033853219e-08	5.946928e-06
2.105440283853219e-08	-6.030925e-06
2.109346533853219e-08	6.122554e-06
2.110000000000000e-08	-6.591176e-06
2.110065346614678e-08	-4.909484e-04
2.110196039844035e-08	-7.761694e-04
2.110457426302747e-08	-6.549944e-04
2.110980199220172e-08	-7.983296e-04
2.112025745055021e-08	-7.627608e-04
2.113643894579843e-08	-7.703299e-04
2.115799085099736e-08	-4.558921e-04
2.118441532311096e-08	-4.389669e-04
2.120000000000000e-08	-8.778933e-05
2.120155846768891e-08	2.675437e-04
2.120467540306672e-08	3.107369e-04
2.121090927382234e-08	2.460155e-04
2.122337701533357e-08	2.449785e-04
2.124831249835605e-08	1.967231e-04
2.127873875058430e-08	1.941864e-04
2.131780125058430e-08	1.531879e-04
2.135686375058430e-08	1.489391e-04
2.139592625058430e-08	9.682376e-05
2.143498875058430e-08	1.036067e-04
2.146508079677761e-08	7.443783e-05
2.149840843708205e-08	9.459509e-05
2.153747093708205e-08	4.186521e-05
2.157578226462656e-08	5.952322e-05
2.161484476462656e-08	9.133481e-06
2.165390726462656e-08	3.482848e-05
2.169296976462656e-08	-6.262820e-06
2.173203226462656e-08	2.409061e-05
2.177109476462655e-08	-1.236993e-05
2.181015726462655e-08	1.943908e-05
2.184921976462655e-08	-1.458345e-05
2.188828226462655e-08	1.729755e-05
2.192734476462655e-08	-1.522013e-05
2.196640726462655e-08	1.618526e-05
2.200546976462655e-08	-1.522793e-05
2.204453226462655e-08	1.549467e-05
2.208359476462655e-08	-1.499120e-05
2.212265726462655e-08	1.498136e-05
2.216171976462655e-08	-1.466403e-05
2.220078226462655e-08	1.454690e-05
2.223984476462655e-08	-1.430805e-05
2.227890726462655e-08	1.415147e-05
2.231796976462655e-08	-1.394775e-05
2.235703226462655e-08	1.377888e-05
2.239609476462655e-08	-1.359272e-05
2.243515726462655e-08	1.342221e-05
2.247421976462655e-08	-1.324651e-05
2.251328226462655e-08	1.307878e-05
2.255234476462655e-08	-1.291043e-05
2.259140726462655e-08	1.274691e-05
2.263046976462655e-08	-1.258463e-05
2.266953226462655e-08	1.242587e-05
2.270859476462655e-08	-1.226904e-05
2.274765726462655e-08	1.211515e-05
2.278671976462655e-08	-1.196338e-05
2.282578226462654e-08	1.181436e-05
2.286484476462654e-08	-1.166742e-05
2.290390726462654e-08	1.152305e-05
2.294296976462654e-08	-1.138080e-05
2.298203226462654e-08	1.124092e-05
2.302109476462654e-08	-1.110323e-05
2.306015726462654e-08	1.096773e-05
2.309921976462654e-08	-1.083433e-05
2.313828226462654e-08	1.070310e-05
2.317734476462654e-08	-1.057386e-05
2.321640726462654e-08	1.044674e-05
2.325546976462654e-08	-1.032152e-05
2.329453226462654e-08	1.019836e-05
2.333359476462654e-08	-1.007702e-05
2.337265726462654e-08	9.957686e-06
2.341171976462654e-08	-9.840105e-06
2.345078226462654e-08	9.724456e-06
2.348984476462654e-08	-9.610499e-06
2.352890726462654e-08	9.498410e-06
2.356796976462654e-08	-9.387952e-06
2.360703226462654e-08	9.279302e-06
2.364609476462654e-08	-9.172222e-06
2.368515726462654e-08	9.066892e-06
2.372421976462654e-08	-8.963074e-06
2.376328226462654e-08	8.860948e-06
2.380234476462654e-08	-8.760279e-06
2.384140726462653e-08	8.661248e-06
2.388046976462653e-08	-8.563620e-06
2.391953226462653e-08	8.467578e-06
2.395859476462653e-08	-8.372886e-06
2.399765726462653e-08	8.279728e-06
2.403671976462653e-08	-8.187872e-06
2.407578226462653e-08	8.097501e-06
2.411484476462653e-08	-8.008382e-06
2.415390726462653e-08	7.920701e-06
2.419296976462653e-08	-7.834226e-06
2.423203226462653e-08	7.749143e-06
2.427109476462653e-08	-7.665222e-06
2.431015726462653e-08	7.582648e-06
2.434921976462653e-08	-7.501192e-06
2.438828226462653e-08	7.421041e-06
2.442734476462653e-08	-7.341966e-06
2.446640726462653e-08	7.264155e-06
2.450546976462653e-08	-7.187380e-06
2.454453226462653e-08	7.111829e-06
2.458359476462653e-08	-7.037274e-06
2.462265726462653e-08	6.963907e-06
2.466171976462653e-08	-6.891497e-06
2.470078226462653e-08	6.820238e-06
2.473984476462653e-08	-6.749900e-06
2.477890726462653e-08	6.680677e-06
2.481796976462653e-08	-6.612340e-06
2.485703226462653e-08	6.545084e-06
2.489609476462652e-08	-6.478681e-06
2.493515726462652e-08	6.413324e-06
2.497421976462652e-08	-6.348789e-06
2.501328226462652e-08	6.285267e-06
2.505234476462652e-08	-6.222536e-06
2.509140726462652e-08	6.160788e-06
2.513046976462652e-08	-6.099798e-06
2.516953226462652e-08	6.039763e-06
2.520859476462652e-08	-5.980457e-06
2.524765726462652e-08	5.922077e-06
2.528671976462652e-08	-5.864398e-06
2.532578226462652e-08	5.807616e-06
2.536484476462652e-08	-5.751509e-06
2.540390726462652e-08	5.696272e-06
2.544296976462652e-08	-5.641683e-06
2.548203226462652e-08	5.587938e-06
2.552109476462652e-08	-5.534816e-06
2.556015726462652e-08	5.482514e-06
2.559921976462652e-08	-5.430810e-06
2.563828226462652e-08	5.379901e-06
2.567734476462652e-08	-5.329567e-06
2.571640726462652e-08	5.280005e-06
2.575546976462652e-08	-5.230995e-06
2.579453226462652e-08	5.182735e-06
2.583359476462652e-08	-5.135004e-06
2.587265726462652e-08	5.088002e-06
2.591171976462652e-08	-5.041508e-06
2.595078226462651e-08	4.995722e-06
2.598984476462651e-08	-4.950423e-06
2.602890726462651e-08	4.905812e-06
2.606796976462651e-08	-4.861669e-06
2.610703226462651e-08	4.818194e-06
2.614609476462651e-08	-4.775168e-06
2.618515726462651e-08	4.732790e-06
2.622421976462651e-08	-4.690844e-06
2.626328226462651e-08	4.649528e-06
2.630234476462651e-08	-4.608626e-06
2.634140726462651e-08	4.568336e-06
2.635000000000000e-08	-4.391183e-06
2.635085927353735e-08	4.648715e-04
2.635257782061205e-08	6.090698e-04
2.635601491476145e-08	4.698198e-04
2.636288910306024e-08	5.634603e-04
2.637436052002064e-08	1.221426e-03
2.638579440737670e-08	1.912068e-03
2.640082053989923e-08	3.163214e-03
2.643087280494428e-08	5.398974e-03
2.645000000000001e-08	6.878048e-03
2.645191271950558e-08	6.281121e-03
2.645573815851672e-08	6.109113e-03
2.646338903653901e-08	6.148063e-03
2.647739848727467e-08	5.894008e-03
2.650541738874598e-08	5.622542e-03
2.654447988874598e-08	4.732607e-03
2.658354238874598e-08	3.711451e-03
2.662260488874598e-08	2.803014e-03
2.665058783229696e-08	2.411367e-03
2.667733554656843e-08	1.809660e-03
2.670579367372962e-08	1.344619e-03
2.673934120423168e-08	7.964615e-04
2.677502498569568e-08	5.363500e-04
2.681408748569568e-08	2.523334e-04
2.685314998569568e-08	1.943111e-04
2.689221248569568e-08	5.962492e-05
2.693127498569568e-08	8.252237e-05
2.697033748569568e-08	-1.231025e-06
2.700939998569568e-08	4.588899e-05
2.704846248569568e-08	-1.963816e-05
2.708752498569568e-08	3.336364e-05
2.712658748569568e-08	-2.460594e-05
2.716564998569568e-08	2.857805e-05
2.720471248569568e-08	-2.533101e-05
2.724377498569567e-08	2.626280e-05
2.728283748569567e-08	-2.481888e-05
2.732189998569567e-08	2.478081e-05
2.736096248569567e-08	-2.394084e-05
2.740002498569567e-08	2.360611e-05
2.743908748569567e-08	-2.298007e-05
2.747814998569567e-08	2.257451e-05
2.751721248569567e-08	-2.203863e-05
2.755627498569567e-08	2.163189e-05
2.759533748569567e-08	-2.114598e-05
2.763439998569567e-08	2.075870e-05
2.767346248569567e-08	-2.030888e-05
2.771252498569567e-08	1.994638e-05
2.775158748569567e-08	-1.952715e-05
2.779064998569567e-08	1.918996e-05
2.782971248569567e-08	-1.879849e-05
2.786877498569567e-08	1.848574e-05
2.790783748569567e-08	-1.812009e-05
2.794689998569567e-08	1.783050e-05
2.798596248569567e-08	-1.748909e-05
2.802502498569567e-08	1.722131e-05
2.806408748569567e-08	-1.690270e-05
2.810314998569567e-08	1.665543e-05
2.814221248569567e-08	-1.635827e-05
2.818127498569567e-08	1.613025e-05
2.822033748569567e-08	-1.585330e-05
2.825939998569567e-08	1.564333e-05
2.829846248569566e-08	-1.538541e-05
2.833752498569566e-08	1.519236e-05
2.837658748569566e-08	-1.495234e-05
2.841564998569566e-08	1.477516e-05
2.845471248569566e-08	-1.455197e-05
2.849377498569566e-08	1.438964e-05
2.853283748569566e-08	-1.418229e-05
2.857189998569566e-08	1.403386e-05
2.861096248569566e-08	-1.384139e-05
2.865002498569566e-08	1.370596e-05
2.868908748569566e-08	-1.352749e-05
2.872814998569566e-08	1.340421e-05
2.876721248569566e-08	-1.323887e-05
2.880627498569566e-08	1.312695e-05
2.884533748569566e-08	-1.297394e-05
2.888439998569566e-08	1.287262e-05
2.892346248569566e-08	-1.273119e-05
2.896252498569566e-08	1.263974e-05
2.900158748569566e-08	-1.250917e-05
2.904064998569566e-08	1.242694e-05
2.907971248569566e-08	-1.230655e-05
2.911877498569566e-08	1.223289e-05
2.915783748569566e-08	-1.212204e-05
2.919689998569566e-08	1.205636e-05
2.923596248569566e-08	-1.195444e-05
2.927502498569566e-08	1.189336e-05
2.931408748569566e-08	-1.180805e-05
2.935314998569565e-08	1.174356e-05
2.939221248569565e-08	-1.167281e-05
2.943127498569565e-08	1.161098e-05
2.947033748569565e-08	-1.154927e-05
2.950939998569565e-08	1.149503e-05
2.954846248569565e-08	-1.143297e-05
2.958752498569565e-08	1.139371e-05
2.962658748569565e-08	-1.133149e-05
2.966564998569565e-08	1.130113e-05
2.970471248569565e-08	-1.124280e-05
2.974377498569565e-08	1.121831e-05
2.978283748569565e-08	-1.116488e-05
2.982189998569565e-08	1.114505e-05
2.986096248569565e-08	-1.109657e-05
2.990002498569565e-08	1.108080e-05
2.993908748569565e-08	-1.103705e-05
2.997814998569565e-08	1.102493e-05
3.001721248569565e-08	-1.098563e-05
3.005627498569565e-08	1.097681e-05
3.009533748569565e-08	-1.094165e-05
3.013439998569565e-08	1.093585e-05
3.017346248569565e-08	-1.090452e-05
3.021252498569565e-08	1.090147e-05
3.025158748569565e-08	-1.087370e-05
3.029064998569565e-08	1.087314e-05
3.032971248569565e-08	-1.084866e-05
3.036877498569565e-08	1.085034e-05
3.040783748569565e-08	-1.082890e-05
3.044689998569565e-08	1.083262e-05
3.048596248569565e-08	-1.081398e-05
3.052502498569565e-08	1.081951e-05
3.056408748569565e-08	-1.080345e-05
3.060314998569565e-08	1.081061e-05
3.064221248569565e-08	-1.079692e-05
3.068127498569565e-08	1.080551e-05
3.072033748569564e-08	-1.079400e-05
3.075939998569564e-08	1.080386e-05
3.079846248569564e-08	-1.079434e-05
3.083752498569564e-08	1.080531e-05
3.087658748569564e-08	-1.079761e-05
3.091564998569564e-08	1.080954e-05
3.095471248569564e-08	-1.080349e-05
3.099377498569564e-08	1.081624e-05
3.103283748569564e-08	-1.081169e-05
3.107189998569564e-08	1.082513e-05
3.111096248569564e-08	-1.082194e-05
3.115002498569564e-08	1.083595e-05
3.118908748569564e-08	-1.083399e-05
3.122814998569564e-08	1.084846e-05
3.126721248569564e-08	-1.084759e-05
3.130627498569564e-08	1.086241e-05
3.134533748569564e-08	-1.086253e-05
3.138439998569564e-08	1.087761e-05
3.140000000000000e-08	-1.089050e-05
3.140156000143044e-08	-5.937563e-04
3.140468000429131e-08	-7.815685e-04
3.141092001001306e-08	-7.001346e-04
3.142340002145655e-08	-8.576136e-04
3.144031091254407e-08	-6.401678e-04
3.146131722676930e-08	-5.029741e-04
3.148702244970185e-08	-3.188989e-04
3.150000000000000e-08	-1.967137e-04
3.150129775502982e-08	2.450947e-04
3.150389326508945e-08	3.293402e-04
3.150908428520871e-08	2.408157e-04
3.151946632544723e-08	2.635186e-04
3.154023040592428e-08	1.923111e-04
3.156959442196717e-08	2.119589e-04
3.160865692196717e-08	1.464302e-04
3.164771942196717e-08	1.663631e-04
3.168678192196717e-08	9.336947e-05
3.172584442196717e-08	1.175163e-04
3.175630695240372e-08	5.984183e-05
3.179082715605690e-08	1.146109e-04
3.182732920322201e-08	3.087210e-05
3.186577844791240e-08	7.932852e-05
3.190484094791240e-08	-2.422926e-06
3.194390344791240e-08	5.148637e-05
3.198296594791240e-08	-1.918093e-05
3.202202844791240e-08	3.900441e-05
3.206109094791239e-08	-2.560454e-05
3.210015344791239e-08	3.334708e-05
3.213921594791239e-08	-2.767282e-05
3.217827844791239e-08	3.052104e-05
3.221734094791239e-08	-2.797927e-05
3.225640344791239e-08	2.886466e-05
3.229546594791239e-08	-2.758906e-05
3.233452844791239e-08	2.769380e-05
3.237359094791239e-08	-2.693459e-05
3.241265344791239e-08	2.673310e-05
3.245171594791239e-08	-2.618823e-05
3.249077844791239e-08	2.587123e-05
3.252984094791239e-08	-2.541959e-05
3.256890344791239e-08	2.506324e-05
3.260796594791239e-08	-2.465615e-05
3.264702844791239e-08	2.429064e-05
3.268609094791239e-08	-2.390810e-05
3.272515344791239e-08	2.354483e-05
3.276421594791239e-08	-2.317883e-05
3.280327844791239e-08	2.282342e-05
3.284234094791239e-08	-2.246999e-05
3.288140344791239e-08	2.212399e-05
3.292046594791239e-08	-2.178174e-05
3.295952844791239e-08	2.144555e-05
3.299859094791239e-08	-2.111372e-05
3.303765344791239e-08	2.078733e-05
3.307671594791238e-08	-2.046545e-05
3.311577844791238e-08	2.014866e-05
3.315484094791238e-08	-1.983637e-05
3.319390344791238e-08	1.952894e-05
3.323296594791238e-08	-1.922592e-05
3.327202844791238e-08	1.892759e-05
3.331109094791238e-08	-1.863355e-05
3.335015344791238e-08	1.834406e-05
3.338921594791238e-08	-1.805872e-05
3.342827844791238e-08	1.777779e-05
3.346734094791238e-08	-1.750090e-05
3.350640344791238e-08	1.722829e-05
3.354546594791238e-08	-1.695958e-05
3.358452844791238e-08	1.669503e-05
3.362359094791238e-08	-1.643427e-05
3.366265344791238e-08	1.617753e-05
3.370171594791238e-08	-1.592447e-05
3.374077844791238e-08	1.567532e-05
3.377984094791238e-08	-1.542974e-05
3.381890344791238e-08	1.518795e-05
3.385796594791238e-08	-1.494961e-05
3.389702844791238e-08	1.471495e-05
3.393609094791238e-08	-1.448364e-05
3.397515344791238e-08	1.425591e-05
3.401421594791238e-08	-1.403142e-05
3.405327844791238e-08	1.381041e-05
3.409234094791238e-08	-1.359253e-05
3.413140344791237e-08	1.337803e-05
3.417046594791237e-08	-1.316657e-05
3.420952844791237e-08	1.295839e-05
3.424859094791237e-08	-1.275316e-05
3.428765344791237e-08	1.255110e-05
3.432671594791237e-08	-1.235191e-05
3.436577844791237e-08	1.215580e-05
3.440484094791237e-08	-1.196246e-05
3.444390344791237e-08	1.177212e-05
3.448296594791237e-08	-1.158447e-05
3.452202844791237e-08	1.139972e-05
3.456109094791237e-08	-1.121758e-05
3.460015344791237e-08	1.103826e-05
3.463921594791237e-08	-1.086147e-05
3.467827844791237e-08	1.068742e-05
3.471734094791237e-08	-1.051581e-05
3.475640344791237e-08	1.034687e-05
3.479546594791237e-08	-1.018030e-05
3.483452844791237e-08	1.001631e-05
3.487359094791237e-08	-9.854622e-06
3.491265344791237e-08	9.695447e-06
3.495171594791237e-08	-9.538492e-06
3.499077844791237e-08	9.383982e-06
3.502984094791237e-08	-9.231622e-06
3.506890344791237e-08	9.081638e-06
3.510796594791237e-08	-8.933737e-06
3.514702844791237e-08	8.788144e-06
3.518609094791236e-08	-8.644569e-06
3.522515344791236e-08	8.503236e-06
3.526421594791236e-08	-8.363858e-06
3.530327844791236e-08	8.226658e-06
3.534234094791236e-08	-8.091351e-06
3.538140344791236e-08	7.958162e-06
3.542046594791236e-08	-7.826807e-06
3.545952844791236e-08	7.697508e-06
3.549859094791236e-08	-7.569986e-06
3.553765344791236e-08	7.444463e-06
3.557671594791236e-08	-7.320659e-06
3.561577844791236e-08	7.198798e-06
3.565484094791236e-08	-7.078604e-06
3.569390344791236e-08	6.960298e-06
3.573296594791236e-08	-6.843604e-06
3.577202844791236e-08	6.728746e-06
3.581109094791236e-08	-6.615450e-06
3.585015344791236e-08	6.503938e-06
3.588921594791236e-08	-6.393938e-06
3.592827844791236e-08	6.285672e-06
3.596734094791236e-08	-6.178872e-06
3.600640344791236e-08	6.073756e-06
3.604546594791236e-08	-5.970059e-06
3.608452844791236e-08	5.868001e-06
3.612359094791236e-08	-5.767315e-06
3.616265344791236e-08	5.668223e-06
3.620171594791236e-08	-5.570459e-06
3.624077844791235e-08	5.474245e-06
3.627984094791235e-08	-5.379317e-06
3.631890344791235e-08	5.285897e-06
3.635796594791235e-08	-5.193721e-06
3.639702844791235e-08	5.103010e-06
3.643609094791235e-08	-5.013504e-06
3.647515344791235e-08	4.925424e-06
3.651421594791235e-08	-4.838509e-06
3.655327844791235e-08	4.752980e-06
3.659234094791235e-08	-4.668580e-06
3.663140344791235e-08	4.585528e-06
3.665000000000001e-08	-4.414906e-06
3.665185965520877e-08	5.086446e-04
3.665557896562630e-08	5.596352e-04
3.666301758646136e-08	4.852901e-04
3.667582811913113e-08	1.392991e-03
3.668854603203565e-08	2.045919e-03
3.670460263364304e-08	3.529756e-03
3.673671583685781e-08	5.766974e-03
3.675000000000001e-08	6.944357e-03
3.675132841631423e-08	6.322777e-03
3.675398524894266e-08	6.106925e-03
3.675929891419954e-08	6.202685e-03
3.676928295571250e-08	5.972872e-03
3.678925103873839e-08	5.859841e-03
3.682831353873839e-08	5.109633e-03
3.686737603873839e-08	4.169527e-03
3.690643853873839e-08	3.104959e-03
3.694550103873839e-08	2.494212e-03
3.697472429775959e-08	1.864706e-03
3.700673587122788e-08	1.332875e-03
3.703854967130842e-08	8.085291e-04
3.707318353588473e-08	5.507591e-04
3.711224603588473e-08	2.622827e-04
3.715130853588473e-08	1.977845e-04
3.719037103588473e-08	6.432959e-05
3.722943353588473e-08	8.190679e-05
3.726849603588473e-08	2.215482e-06
3.730755853588473e-08	4.352423e-05
3.734662103588473e-08	-1.615943e-05
3.738568353588473e-08	3.002115e-05
3.742474603588473e-08	-2.070424e-05
3.746380853588473e-08	2.448891e-05
3.750287103588473e-08	-2.093662e-05
3.754193353588473e-08	2.157150e-05
3.758099603588473e-08	-1.985708e-05
3.762005853588473e-08	1.953951e-05
3.765912103588472e-08	-1.844444e-05
3.769818353588472e-08	1.784608e-05
3.773724603588472e-08	-1.697960e-05
3.777630853588472e-08	1.632044e-05
3.781537103588472e-08	-1.555592e-05
3.785443353588472e-08	1.490650e-05
3.789349603588472e-08	-1.420257e-05
3.793255853588472e-08	1.358350e-05
3.797162103588472e-08	-1.292567e-05
3.801068353588472e-08	1.234196e-05
3.804974603588472e-08	-1.172424e-05
3.808880853588472e-08	1.117607e-05
3.812787103588472e-08	-1.059521e-05
3.816693353588472e-08	1.008131e-05
3.820599603588472e-08	-9.535016e-06
3.824505853588472e-08	9.053744e-06
3.828412103588472e-08	-8.540062e-06
3.832318353588472e-08	8.089706e-06
3.836224603588472e-08	-7.606868e-06
3.840130853588472e-08	7.185765e-06
3.844037103588472e-08	-6.732114e-06
3.847943353588472e-08	6.338673e-06
3.851849603588472e-08	-5.912644e-06
3.855755853588472e-08	5.545351e-06
3.859662103588472e-08	-5.145465e-06
3.863568353588472e-08	4.799711e-06
3.867474603588472e-08	-4.433981e-06
3.871380853588471e-08	4.099634e-06
3.875287103588471e-08	-3.765342e-06
3.879193353588471e-08	3.448425e-06
3.883099603588471e-08	-3.138599e-06
3.887005853588471e-08	2.844206e-06
3.890912103588471e-08	-2.547036e-06
3.894818353588471e-08	2.283562e-06
3.898724603588471e-08	-1.998359e-06
3.902630853588471e-08	1.758130e-06
3.906537103588471e-08	-1.489164e-06
3.910443353588471e-08	1.267937e-06
3.914349603588471e-08	-1.015898e-06
3.918255853588471e-08	8.116777e-07
3.922162103588471e-08	-5.761360e-07
3.926068353588471e-08	3.876700e-07
3.929974603588471e-08	-1.678757e-07
3.933880853588471e-08	-5.821629e-09
3.937787103588471e-08	2.106861e-07
3.941693353588471e-08	-3.704859e-07
3.945599603588471e-08	5.612293e-07
3.949505853588471e-08	-7.079369e-07
3.953412103588471e-08	8.853365e-07
3.957318353588471e-08	-1.019709e-06
3.961224603588471e-08	1.184505e-06
3.965130853588471e-08	-1.307256e-06
3.969037103588471e-08	1.460151e-06
3.972943353588471e-08	-1.571959e-06
3.976849603588470e-08	1.713618e-06
3.980755853588470e-08	-1.815122e-06
3.984662103588470e-08	1.946178e-06
3.988568353588470e-08	-2.037984e-06
3.992474603588470e-08	2.159034e-06
3.996380853588470e-08	-2.241717e-06
4.000000000000000e-08	2.360833e-06
