time	V(ina)	V(out_y)	V(sel)	V(selb)
0.000000000000000e+00	0.000000e+00	0.000000e+00	0.000000e+00	0.000000e+00
5.000000000000000e-10	0.000000e+00	0.000000e+00	0.000000e+00	0.000000e+00
5.019112500898475e-10	0.000000e+00	8.349821e-03	0.000000e+00	9.556250e-02
5.057337502695424e-10	0.000000e+00	2.585941e-02	0.000000e+00	2.866875e-01
5.133787506289323e-10	0.000000e+00	6.506472e-02	0.000000e+00	6.689375e-01
5.286687513477119e-10	0.000000e+00	1.559535e-01	0.000000e+00	1.433438e+00
5.592487527852713e-10	0.000000e+00	3.453912e-01	0.000000e+00	2.962438e+00
5.898684107624036e-10	0.000000e+00	5.411977e-01	0.000000e+00	4.493421e+00
6.000000000000000e-10	0.000000e+00	6.070909e-01	0.000000e+00	5.000000e+00
6.010131589237596e-10	0.000000e+00	6.072674e-01	0.000000e+00	5.000000e+00
6.030394767712789e-10	0.000000e+00	6.072773e-01	0.000000e+00	5.000000e+00
6.070921124663175e-10	0.000000e+00	6.072678e-01	0.000000e+00	5.000000e+00
6.151973838563946e-10	0.000000e+00	6.072772e-01	0.000000e+00	5.000000e+00
6.314079266365489e-10	0.000000e+00	6.072679e-01	0.000000e+00	5.000000e+00
6.638290121968574e-10	0.000000e+00	6.072771e-01	0.000000e+00	5.000000e+00
7.028915121968574e-10	0.000000e+00	6.072679e-01	0.000000e+00	5.000000e+00
7.419540121968575e-10	0.000000e+00	6.072770e-01	0.000000e+00	5.000000e+00
7.810165121968575e-10	0.000000e+00	6.072679e-01	0.000000e+00	5.000000e+00
8.200790121968576e-10	0.000000e+00	6.072770e-01	0.000000e+00	5.000000e+00
8.591415121968576e-10	0.000000e+00	6.072679e-01	0.000000e+00	5.000000e+00
8.982040121968576e-10	0.000000e+00	6.072770e-01	0.000000e+00	5.000000e+00
9.372665121968577e-10	0.000000e+00	6.072679e-01	0.000000e+00	5.000000e+00
9.763290121968577e-10	0.000000e+00	6.072769e-01	0.000000e+00	5.000000e+00
1.015391512196858e-09	0.000000e+00	6.072679e-01	0.000000e+00	5.000000e+00
1.054454012196858e-09	0.000000e+00	6.072769e-01	0.000000e+00	5.000000e+00
1.093516512196858e-09	0.000000e+00	6.072680e-01	0.000000e+00	5.000000e+00
1.132579012196858e-09	0.000000e+00	6.072769e-01	0.000000e+00	5.000000e+00
1.171641512196858e-09	0.000000e+00	6.072680e-01	0.000000e+00	5.000000e+00
1.210704012196858e-09	0.000000e+00	6.072768e-01	0.000000e+00	5.000000e+00
1.249766512196858e-09	0.000000e+00	6.072680e-01	0.000000e+00	5.000000e+00
1.288829012196858e-09	0.000000e+00	6.072767e-01	0.000000e+00	5.000000e+00
1.327891512196858e-09	0.000000e+00	6.072680e-01	0.000000e+00	5.000000e+00
1.366954012196858e-09	0.000000e+00	6.072767e-01	0.000000e+00	5.000000e+00
1.406016512196858e-09	0.000000e+00	6.072680e-01	0.000000e+00	5.000000e+00
1.445079012196858e-09	0.000000e+00	6.072767e-01	0.000000e+00	5.000000e+00
1.484141512196858e-09	0.000000e+00	6.072680e-01	0.000000e+00	5.000000e+00
1.523204012196858e-09	0.000000e+00	6.072766e-01	0.000000e+00	5.000000e+00
1.562266512196858e-09	0.000000e+00	6.072680e-01	0.000000e+00	5.000000e+00
1.601329012196858e-09	0.000000e+00	6.072766e-01	0.000000e+00	5.000000e+00
1.640391512196858e-09	0.000000e+00	6.072680e-01	0.000000e+00	5.000000e+00
1.679454012196858e-09	0.000000e+00	6.072766e-01	0.000000e+00	5.000000e+00
1.718516512196858e-09	0.000000e+00	6.072680e-01	0.000000e+00	5.000000e+00
1.757579012196859e-09	0.000000e+00	6.072765e-01	0.000000e+00	5.000000e+00
1.796641512196859e-09	0.000000e+00	6.072681e-01	0.000000e+00	5.000000e+00
1.835704012196859e-09	0.000000e+00	6.072765e-01	0.000000e+00	5.000000e+00
1.874766512196859e-09	0.000000e+00	6.072681e-01	0.000000e+00	5.000000e+00
1.913829012196859e-09	0.000000e+00	6.072764e-01	0.000000e+00	5.000000e+00
1.952891512196859e-09	0.000000e+00	6.072681e-01	0.000000e+00	5.000000e+00
1.991954012196859e-09	0.000000e+00	6.072764e-01	0.000000e+00	5.000000e+00
2.031016512196859e-09	0.000000e+00	6.072681e-01	0.000000e+00	5.000000e+00
2.070079012196859e-09	0.000000e+00	6.072764e-01	0.000000e+00	5.000000e+00
2.109141512196859e-09	0.000000e+00	6.072681e-01	0.000000e+00	5.000000e+00
2.148204012196859e-09	0.000000e+00	6.072763e-01	0.000000e+00	5.000000e+00
2.187266512196859e-09	0.000000e+00	6.072682e-01	0.000000e+00	5.000000e+00
2.226329012196859e-09	0.000000e+00	6.072763e-01	0.000000e+00	5.000000e+00
2.265391512196859e-09	0.000000e+00	6.072682e-01	0.000000e+00	5.000000e+00
2.304454012196859e-09	0.000000e+00	6.072763e-01	0.000000e+00	5.000000e+00
2.343516512196859e-09	0.000000e+00	6.072682e-01	0.000000e+00	5.000000e+00
2.382579012196859e-09	0.000000e+00	6.072762e-01	0.000000e+00	5.000000e+00
2.421641512196859e-09	0.000000e+00	6.072682e-01	0.000000e+00	5.000000e+00
2.460704012196859e-09	0.000000e+00	6.072761e-01	0.000000e+00	5.000000e+00
2.499766512196859e-09	0.000000e+00	6.072682e-01	0.000000e+00	5.000000e+00
2.538829012196859e-09	0.000000e+00	6.072761e-01	0.000000e+00	5.000000e+00
2.577891512196859e-09	0.000000e+00	6.072682e-01	0.000000e+00	5.000000e+00
2.616954012196859e-09	0.000000e+00	6.072761e-01	0.000000e+00	5.000000e+00
2.656016512196859e-09	0.000000e+00	6.072682e-01	0.000000e+00	5.000000e+00
2.695079012196859e-09	0.000000e+00	6.072761e-01	0.000000e+00	5.000000e+00
2.734141512196859e-09	0.000000e+00	6.072682e-01	0.000000e+00	5.000000e+00
2.773204012196860e-09	0.000000e+00	6.072760e-01	0.000000e+00	5.000000e+00
2.812266512196860e-09	0.000000e+00	6.072682e-01	0.000000e+00	5.000000e+00
2.851329012196860e-09	0.000000e+00	6.072760e-01	0.000000e+00	5.000000e+00
2.890391512196860e-09	0.000000e+00	6.072682e-01	0.000000e+00	5.000000e+00
2.929454012196860e-09	0.000000e+00	6.072760e-01	0.000000e+00	5.000000e+00
2.968516512196860e-09	0.000000e+00	6.072682e-01	0.000000e+00	5.000000e+00
3.007579012196860e-09	0.000000e+00	6.072759e-01	0.000000e+00	5.000000e+00
3.046641512196860e-09	0.000000e+00	6.072683e-01	0.000000e+00	5.000000e+00
3.085704012196860e-09	0.000000e+00	6.072759e-01	0.000000e+00	5.000000e+00
3.124766512196860e-09	0.000000e+00	6.072683e-01	0.000000e+00	5.000000e+00
3.163829012196860e-09	0.000000e+00	6.072758e-01	0.000000e+00	5.000000e+00
3.202891512196860e-09	0.000000e+00	6.072683e-01	0.000000e+00	5.000000e+00
3.241954012196860e-09	0.000000e+00	6.072758e-01	0.000000e+00	5.000000e+00
3.281016512196860e-09	0.000000e+00	6.072683e-01	0.000000e+00	5.000000e+00
3.320079012196860e-09	0.000000e+00	6.072758e-01	0.000000e+00	5.000000e+00
3.359141512196860e-09	0.000000e+00	6.072683e-01	0.000000e+00	5.000000e+00
3.398204012196860e-09	0.000000e+00	6.072757e-01	0.000000e+00	5.000000e+00
3.437266512196860e-09	0.000000e+00	6.072683e-01	0.000000e+00	5.000000e+00
3.476329012196860e-09	0.000000e+00	6.072757e-01	0.000000e+00	5.000000e+00
3.515391512196860e-09	0.000000e+00	6.072683e-01	0.000000e+00	5.000000e+00
3.554454012196860e-09	0.000000e+00	6.072757e-01	0.000000e+00	5.000000e+00
3.593516512196860e-09	0.000000e+00	6.072683e-01	0.000000e+00	5.000000e+00
3.632579012196860e-09	0.000000e+00	6.072756e-01	0.000000e+00	5.000000e+00
3.671641512196860e-09	0.000000e+00	6.072683e-01	0.000000e+00	5.000000e+00
3.710704012196860e-09	0.000000e+00	6.072756e-01	0.000000e+00	5.000000e+00
3.749766512196861e-09	0.000000e+00	6.072683e-01	0.000000e+00	5.000000e+00
3.788829012196860e-09	0.000000e+00	6.072755e-01	0.000000e+00	5.000000e+00
3.827891512196860e-09	0.000000e+00	6.072683e-01	0.000000e+00	5.000000e+00
3.866954012196859e-09	0.000000e+00	6.072755e-01	0.000000e+00	5.000000e+00
3.906016512196859e-09	0.000000e+00	6.072683e-01	0.000000e+00	5.000000e+00
3.945079012196859e-09	0.000000e+00	6.072755e-01	0.000000e+00	5.000000e+00
3.984141512196858e-09	0.000000e+00	6.072683e-01	0.000000e+00	5.000000e+00
4.023204012196858e-09	0.000000e+00	6.072754e-01	0.000000e+00	5.000000e+00
4.062266512196858e-09	0.000000e+00	6.072683e-01	0.000000e+00	5.000000e+00
4.101329012196857e-09	0.000000e+00	6.072754e-01	0.000000e+00	5.000000e+00
4.140391512196857e-09	0.000000e+00	6.072684e-01	0.000000e+00	5.000000e+00
4.179454012196856e-09	0.000000e+00	6.072754e-01	0.000000e+00	5.000000e+00
4.218516512196856e-09	0.000000e+00	6.072684e-01	0.000000e+00	5.000000e+00
4.257579012196856e-09	0.000000e+00	6.072754e-01	0.000000e+00	5.000000e+00
4.296641512196855e-09	0.000000e+00	6.072684e-01	0.000000e+00	5.000000e+00
4.335704012196855e-09	0.000000e+00	6.072753e-01	0.000000e+00	5.000000e+00
4.374766512196855e-09	0.000000e+00	6.072684e-01	0.000000e+00	5.000000e+00
4.413829012196854e-09	0.000000e+00	6.072752e-01	0.000000e+00	5.000000e+00
4.452891512196854e-09	0.000000e+00	6.072684e-01	0.000000e+00	5.000000e+00
4.491954012196853e-09	0.000000e+00	6.072752e-01	0.000000e+00	5.000000e+00
4.531016512196853e-09	0.000000e+00	6.072684e-01	0.000000e+00	5.000000e+00
4.570079012196853e-09	0.000000e+00	6.072752e-01	0.000000e+00	5.000000e+00
4.609141512196852e-09	0.000000e+00	6.072684e-01	0.000000e+00	5.000000e+00
4.648204012196852e-09	0.000000e+00	6.072752e-01	0.000000e+00	5.000000e+00
4.687266512196852e-09	0.000000e+00	6.072684e-01	0.000000e+00	5.000000e+00
4.726329012196851e-09	0.000000e+00	6.072751e-01	0.000000e+00	5.000000e+00
4.765391512196851e-09	0.000000e+00	6.072685e-01	0.000000e+00	5.000000e+00
4.804454012196850e-09	0.000000e+00	6.072751e-01	0.000000e+00	5.000000e+00
4.843516512196850e-09	0.000000e+00	6.072685e-01	0.000000e+00	5.000000e+00
4.882579012196850e-09	0.000000e+00	6.072751e-01	0.000000e+00	5.000000e+00
4.921641512196849e-09	0.000000e+00	6.072685e-01	0.000000e+00	5.000000e+00
4.960704012196849e-09	0.000000e+00	6.072750e-01	0.000000e+00	5.000000e+00
4.999766512196849e-09	0.000000e+00	6.072685e-01	0.000000e+00	5.000000e+00
5.038829012196848e-09	0.000000e+00	6.072750e-01	0.000000e+00	5.000000e+00
5.077891512196848e-09	0.000000e+00	6.072685e-01	0.000000e+00	5.000000e+00
5.116954012196847e-09	0.000000e+00	6.072749e-01	0.000000e+00	5.000000e+00
5.156016512196847e-09	0.000000e+00	6.072685e-01	0.000000e+00	5.000000e+00
5.195079012196847e-09	0.000000e+00	6.072749e-01	0.000000e+00	5.000000e+00
5.234141512196846e-09	0.000000e+00	6.072685e-01	0.000000e+00	5.000000e+00
5.273204012196846e-09	0.000000e+00	6.072749e-01	0.000000e+00	5.000000e+00
5.312266512196846e-09	0.000000e+00	6.072685e-01	0.000000e+00	5.000000e+00
5.351329012196845e-09	0.000000e+00	6.072749e-01	0.000000e+00	5.000000e+00
5.390391512196845e-09	0.000000e+00	6.072685e-01	0.000000e+00	5.000000e+00
5.429454012196844e-09	0.000000e+00	6.072748e-01	0.000000e+00	5.000000e+00
5.468516512196844e-09	0.000000e+00	6.072685e-01	0.000000e+00	5.000000e+00
5.507579012196844e-09	0.000000e+00	6.072748e-01	0.000000e+00	5.000000e+00
5.546641512196843e-09	0.000000e+00	6.072685e-01	0.000000e+00	5.000000e+00
5.585704012196843e-09	0.000000e+00	6.072748e-01	0.000000e+00	5.000000e+00
5.624766512196843e-09	0.000000e+00	6.072685e-01	0.000000e+00	5.000000e+00
5.663829012196842e-09	0.000000e+00	6.072748e-01	0.000000e+00	5.000000e+00
5.700000000000001e-09	0.000000e+00	6.072685e-01	0.000000e+00	5.000000e+00
5.703617098780316e-09	0.000000e+00	6.145545e-01	1.808549e-01	5.000000e+00
5.710851296340948e-09	0.000000e+00	6.292344e-01	5.425648e-01	5.000000e+00
5.725319691462212e-09	0.000000e+00	6.388878e-01	1.265985e+00	5.000000e+00
5.744150853920672e-09	0.000000e+00	4.850577e-01	2.207543e+00	5.000000e+00
5.774125152577934e-09	0.000000e+00	1.950231e-01	3.706258e+00	5.000000e+00
5.800000000000001e-09	0.000000e+00	1.000175e-01	5.000000e+00	5.000000e+00
5.802587484742207e-09	0.000000e+00	7.325758e-02	5.000000e+00	4.870626e+00
5.807762454226620e-09	0.000000e+00	2.739531e-02	5.000000e+00	4.611877e+00
5.818112393195447e-09	0.000000e+00	-2.983853e-02	5.000000e+00	4.094380e+00
5.838812271133100e-09	0.000000e+00	-7.420363e-02	5.000000e+00	3.059386e+00
5.868797064877831e-09	0.000000e+00	-8.423594e-02	5.000000e+00	1.560147e+00
5.900000000000001e-09	0.000000e+00	-7.915734e-02	5.000000e+00	0.000000e+00
5.903120293512218e-09	0.000000e+00	-6.577711e-02	5.000000e+00	0.000000e+00
5.909360880536651e-09	0.000000e+00	-4.329658e-02	5.000000e+00	0.000000e+00
5.921842054585519e-09	0.000000e+00	-1.788735e-02	5.000000e+00	0.000000e+00
5.946804402683255e-09	0.000000e+00	-1.597744e-03	5.000000e+00	0.000000e+00
5.985866902683254e-09	0.000000e+00	2.116527e-04	5.000000e+00	0.000000e+00
6.024929402683254e-09	0.000000e+00	-2.430422e-05	5.000000e+00	0.000000e+00
6.063991902683254e-09	0.000000e+00	3.945669e-06	5.000000e+00	0.000000e+00
6.103054402683253e-09	0.000000e+00	-9.811041e-07	5.000000e+00	0.000000e+00
6.142116902683253e-09	0.000000e+00	8.102613e-07	5.000000e+00	0.000000e+00
6.181179402683252e-09	0.000000e+00	-7.077986e-07	5.000000e+00	0.000000e+00
6.220241902683252e-09	0.000000e+00	7.642280e-07	5.000000e+00	0.000000e+00
6.259304402683252e-09	0.000000e+00	-7.011593e-07	5.000000e+00	0.000000e+00
6.298366902683251e-09	0.000000e+00	7.604350e-07	5.000000e+00	0.000000e+00
6.337429402683251e-09	0.000000e+00	-6.981628e-07	5.000000e+00	0.000000e+00
6.376491902683251e-09	0.000000e+00	7.572310e-07	5.000000e+00	0.000000e+00
6.415554402683250e-09	0.000000e+00	-6.952271e-07	5.000000e+00	0.000000e+00
6.454616902683250e-09	0.000000e+00	7.540471e-07	5.000000e+00	0.000000e+00
6.493679402683249e-09	0.000000e+00	-6.923032e-07	5.000000e+00	0.000000e+00
6.532741902683249e-09	0.000000e+00	7.508753e-07	5.000000e+00	0.000000e+00
6.571804402683249e-09	0.000000e+00	-6.893904e-07	5.000000e+00	0.000000e+00
6.610866902683248e-09	0.000000e+00	7.477155e-07	5.000000e+00	0.000000e+00
6.649929402683248e-09	0.000000e+00	-6.864886e-07	5.000000e+00	0.000000e+00
6.688991902683248e-09	0.000000e+00	7.445678e-07	5.000000e+00	0.000000e+00
6.728054402683247e-09	0.000000e+00	-6.835979e-07	5.000000e+00	0.000000e+00
6.767116902683247e-09	0.000000e+00	7.414321e-07	5.000000e+00	0.000000e+00
6.806179402683246e-09	0.000000e+00	-6.807182e-07	5.000000e+00	0.000000e+00
6.845241902683246e-09	0.000000e+00	7.383082e-07	5.000000e+00	0.000000e+00
6.884304402683246e-09	0.000000e+00	-6.778495e-07	5.000000e+00	0.000000e+00
6.923366902683245e-09	0.000000e+00	7.351963e-07	5.000000e+00	0.000000e+00
6.962429402683245e-09	0.000000e+00	-6.749917e-07	5.000000e+00	0.000000e+00
7.001491902683245e-09	0.000000e+00	7.320963e-07	5.000000e+00	0.000000e+00
7.040554402683244e-09	0.000000e+00	-6.721448e-07	5.000000e+00	0.000000e+00
7.079616902683244e-09	0.000000e+00	7.290080e-07	5.000000e+00	0.000000e+00
7.118679402683244e-09	0.000000e+00	-6.693088e-07	5.000000e+00	0.000000e+00
7.157741902683243e-09	0.000000e+00	7.259316e-07	5.000000e+00	0.000000e+00
7.196804402683243e-09	0.000000e+00	-6.664836e-07	5.000000e+00	0.000000e+00
7.235866902683242e-09	0.000000e+00	7.228670e-07	5.000000e+00	0.000000e+00
7.274929402683242e-09	0.000000e+00	-6.636693e-07	5.000000e+00	0.000000e+00
7.313991902683242e-09	0.000000e+00	7.198140e-07	5.000000e+00	0.000000e+00
7.353054402683241e-09	0.000000e+00	-6.608656e-07	5.000000e+00	0.000000e+00
7.392116902683241e-09	0.000000e+00	7.167728e-07	5.000000e+00	0.000000e+00
7.431179402683241e-09	0.000000e+00	-6.580728e-07	5.000000e+00	0.000000e+00
7.470241902683241e-09	0.000000e+00	7.137432e-07	5.000000e+00	0.000000e+00
7.509304402683241e-09	0.000000e+00	-6.552906e-07	5.000000e+00	0.000000e+00
7.548366902683240e-09	0.000000e+00	7.107252e-07	5.000000e+00	0.000000e+00
7.587429402683240e-09	0.000000e+00	-6.525192e-07	5.000000e+00	0.000000e+00
7.626491902683239e-09	0.000000e+00	7.077189e-07	5.000000e+00	0.000000e+00
7.665554402683239e-09	0.000000e+00	-6.497584e-07	5.000000e+00	0.000000e+00
7.704616902683239e-09	0.000000e+00	7.047240e-07	5.000000e+00	0.000000e+00
7.743679402683238e-09	0.000000e+00	-6.470082e-07	5.000000e+00	0.000000e+00
7.782741902683238e-09	0.000000e+00	7.017407e-07	5.000000e+00	0.000000e+00
7.821804402683238e-09	0.000000e+00	-6.442685e-07	5.000000e+00	0.000000e+00
7.860866902683237e-09	0.000000e+00	6.987689e-07	5.000000e+00	0.000000e+00
7.899929402683237e-09	0.000000e+00	-6.415394e-07	5.000000e+00	0.000000e+00
7.938991902683236e-09	0.000000e+00	6.958085e-07	5.000000e+00	0.000000e+00
7.978054402683236e-09	0.000000e+00	-6.388209e-07	5.000000e+00	0.000000e+00
8.017116902683236e-09	0.000000e+00	6.928595e-07	5.000000e+00	0.000000e+00
8.056179402683235e-09	0.000000e+00	-6.361128e-07	5.000000e+00	0.000000e+00
8.095241902683235e-09	0.000000e+00	6.899220e-07	5.000000e+00	0.000000e+00
8.134304402683235e-09	0.000000e+00	-6.334152e-07	5.000000e+00	0.000000e+00
8.173366902683234e-09	0.000000e+00	6.869957e-07	5.000000e+00	0.000000e+00
8.212429402683234e-09	0.000000e+00	-6.307280e-07	5.000000e+00	0.000000e+00
8.251491902683233e-09	0.000000e+00	6.840808e-07	5.000000e+00	0.000000e+00
8.290554402683233e-09	0.000000e+00	-6.280512e-07	5.000000e+00	0.000000e+00
8.329616902683233e-09	0.000000e+00	6.811771e-07	5.000000e+00	0.000000e+00
8.368679402683232e-09	0.000000e+00	-6.253848e-07	5.000000e+00	0.000000e+00
8.407741902683232e-09	0.000000e+00	6.782847e-07	5.000000e+00	0.000000e+00
8.446804402683232e-09	0.000000e+00	-6.227286e-07	5.000000e+00	0.000000e+00
8.485866902683231e-09	0.000000e+00	6.754035e-07	5.000000e+00	0.000000e+00
8.524929402683231e-09	0.000000e+00	-6.200828e-07	5.000000e+00	0.000000e+00
8.563991902683230e-09	0.000000e+00	6.725335e-07	5.000000e+00	0.000000e+00
8.603054402683230e-09	0.000000e+00	-6.174473e-07	5.000000e+00	0.000000e+00
8.642116902683230e-09	0.000000e+00	6.696745e-07	5.000000e+00	0.000000e+00
8.681179402683229e-09	0.000000e+00	-6.148219e-07	5.000000e+00	0.000000e+00
8.720241902683229e-09	0.000000e+00	6.668267e-07	5.000000e+00	0.000000e+00
8.759304402683229e-09	0.000000e+00	-6.122067e-07	5.000000e+00	0.000000e+00
8.798366902683228e-09	0.000000e+00	6.639900e-07	5.000000e+00	0.000000e+00
8.837429402683228e-09	0.000000e+00	-6.096018e-07	5.000000e+00	0.000000e+00
8.876491902683228e-09	0.000000e+00	6.611643e-07	5.000000e+00	0.000000e+00
8.915554402683227e-09	0.000000e+00	-6.070069e-07	5.000000e+00	0.000000e+00
8.954616902683227e-09	0.000000e+00	6.583496e-07	5.000000e+00	0.000000e+00
8.993679402683226e-09	0.000000e+00	-6.044222e-07	5.000000e+00	0.000000e+00
9.032741902683226e-09	0.000000e+00	6.555458e-07	5.000000e+00	0.000000e+00
9.071804402683226e-09	0.000000e+00	-6.018476e-07	5.000000e+00	0.000000e+00
9.110866902683225e-09	0.000000e+00	6.527530e-07	5.000000e+00	0.000000e+00
9.149929402683225e-09	0.000000e+00	-5.992829e-07	5.000000e+00	0.000000e+00
9.188991902683225e-09	0.000000e+00	6.499711e-07	5.000000e+00	0.000000e+00
9.228054402683224e-09	0.000000e+00	-5.967283e-07	5.000000e+00	0.000000e+00
9.267116902683224e-09	0.000000e+00	6.472000e-07	5.000000e+00	0.000000e+00
9.306179402683223e-09	0.000000e+00	-5.941837e-07	5.000000e+00	0.000000e+00
9.345241902683223e-09	0.000000e+00	6.444398e-07	5.000000e+00	0.000000e+00
9.384304402683223e-09	0.000000e+00	-5.916490e-07	5.000000e+00	0.000000e+00
9.423366902683222e-09	0.000000e+00	6.416903e-07	5.000000e+00	0.000000e+00
9.462429402683222e-09	0.000000e+00	-5.891243e-07	5.000000e+00	0.000000e+00
9.501491902683222e-09	0.000000e+00	6.389516e-07	5.000000e+00	0.000000e+00
9.540554402683221e-09	0.000000e+00	-5.866094e-07	5.000000e+00	0.000000e+00
9.579616902683221e-09	0.000000e+00	6.362236e-07	5.000000e+00	0.000000e+00
9.618679402683220e-09	0.000000e+00	-5.841043e-07	5.000000e+00	0.000000e+00
9.657741902683220e-09	0.000000e+00	6.335063e-07	5.000000e+00	0.000000e+00
9.696804402683220e-09	0.000000e+00	-5.816091e-07	5.000000e+00	0.000000e+00
9.735866902683219e-09	0.000000e+00	6.307997e-07	5.000000e+00	0.000000e+00
9.774929402683219e-09	0.000000e+00	-5.791237e-07	5.000000e+00	0.000000e+00
9.813991902683219e-09	0.000000e+00	6.281037e-07	5.000000e+00	0.000000e+00
9.853054402683218e-09	0.000000e+00	-5.766480e-07	5.000000e+00	0.000000e+00
9.892116902683218e-09	0.000000e+00	6.254182e-07	5.000000e+00	0.000000e+00
9.931179402683217e-09	0.000000e+00	-5.741820e-07	5.000000e+00	0.000000e+00
9.970241902683217e-09	0.000000e+00	6.227434e-07	5.000000e+00	0.000000e+00
1.000930440268322e-08	0.000000e+00	-5.717258e-07	5.000000e+00	0.000000e+00
1.004836690268322e-08	0.000000e+00	6.200790e-07	5.000000e+00	0.000000e+00
1.008742940268322e-08	0.000000e+00	-5.692792e-07	5.000000e+00	0.000000e+00
1.012649190268322e-08	0.000000e+00	6.174251e-07	5.000000e+00	0.000000e+00
1.016555440268322e-08	0.000000e+00	-5.668422e-07	5.000000e+00	0.000000e+00
1.020461690268321e-08	0.000000e+00	6.147818e-07	5.000000e+00	0.000000e+00
1.024367940268321e-08	0.000000e+00	-5.644148e-07	5.000000e+00	0.000000e+00
1.028274190268321e-08	0.000000e+00	6.121487e-07	5.000000e+00	0.000000e+00
1.032180440268321e-08	0.000000e+00	-5.619971e-07	5.000000e+00	0.000000e+00
1.036086690268321e-08	0.000000e+00	6.095261e-07	5.000000e+00	0.000000e+00
1.039992940268321e-08	0.000000e+00	-5.595888e-07	5.000000e+00	0.000000e+00
1.043899190268321e-08	0.000000e+00	6.069138e-07	5.000000e+00	0.000000e+00
1.047805440268321e-08	0.000000e+00	-5.571900e-07	5.000000e+00	0.000000e+00
1.051711690268321e-08	0.000000e+00	6.043119e-07	5.000000e+00	0.000000e+00
1.055617940268321e-08	0.000000e+00	-5.548008e-07	5.000000e+00	0.000000e+00
1.059524190268321e-08	0.000000e+00	6.017202e-07	5.000000e+00	0.000000e+00
1.063430440268321e-08	0.000000e+00	-5.524209e-07	5.000000e+00	0.000000e+00
1.067336690268321e-08	0.000000e+00	5.991388e-07	5.000000e+00	0.000000e+00
1.071242940268321e-08	0.000000e+00	-5.500506e-07	5.000000e+00	0.000000e+00
1.075149190268321e-08	0.000000e+00	5.965675e-07	5.000000e+00	0.000000e+00
1.079055440268321e-08	0.000000e+00	-5.476895e-07	5.000000e+00	0.000000e+00
1.082961690268321e-08	0.000000e+00	5.940065e-07	5.000000e+00	0.000000e+00
1.086867940268321e-08	0.000000e+00	-5.453379e-07	5.000000e+00	0.000000e+00
1.090000000000000e-08	0.000000e+00	5.942761e-07	5.000000e+00	0.000000e+00
1.090211551986943e-08	1.057760e-01	3.043813e-02	5.000000e+00	1.057760e-01
1.090634655960829e-08	3.173280e-01	1.101929e-01	5.000000e+00	3.173280e-01
1.091480863908602e-08	7.404320e-01	3.563735e-01	5.000000e+00	7.404320e-01
1.093173279804147e-08	1.586640e+00	1.026078e+00	5.000000e+00	1.586640e+00
1.095518756241493e-08	2.759378e+00	2.055083e+00	5.000000e+00	2.759378e+00
1.098421272534492e-08	4.210636e+00	3.115658e+00	5.000000e+00	4.210636e+00
1.100000000000000e-08	5.000000e+00	3.509018e+00	5.000000e+00	5.000000e+00
1.100157872746551e-08	5.000000e+00	3.510122e+00	4.921063e+00	5.000000e+00
1.100473618239652e-08	5.000000e+00	3.507091e+00	4.763191e+00	5.000000e+00
1.101105109225856e-08	5.000000e+00	3.487110e+00	4.447445e+00	5.000000e+00
1.102368091198262e-08	5.000000e+00	3.460989e+00	3.815954e+00	5.000000e+00
1.104047897499278e-08	5.000000e+00	3.427267e+00	2.976051e+00	5.000000e+00
1.105904274689113e-08	5.000000e+00	3.390332e+00	2.047863e+00	5.000000e+00
1.109617029068783e-08	5.000000e+00	3.317218e+00	1.914855e-01	5.000000e+00
1.110000000000000e-08	5.000000e+00	3.309691e+00	3.907985e-14	5.000000e+00
1.110038297093122e-08	5.000000e+00	3.309736e+00	0.000000e+00	5.000000e+00
1.110114891279365e-08	5.000000e+00	3.309896e+00	0.000000e+00	5.000000e+00
1.110268079651852e-08	5.000000e+00	3.310217e+00	0.000000e+00	5.000000e+00
1.110574456396825e-08	5.000000e+00	3.310813e+00	0.000000e+00	5.000000e+00
1.111187209886772e-08	5.000000e+00	3.311897e+00	0.000000e+00	5.000000e+00
1.112412716866667e-08	5.000000e+00	3.313699e+00	0.000000e+00	5.000000e+00
1.114863730826455e-08	5.000000e+00	3.316432e+00	0.000000e+00	5.000000e+00
1.118769980826455e-08	5.000000e+00	3.319456e+00	0.000000e+00	5.000000e+00
1.122676230826455e-08	5.000000e+00	3.321615e+00	0.000000e+00	5.000000e+00
1.126582480826455e-08	5.000000e+00	3.323294e+00	0.000000e+00	5.000000e+00
1.130488730826455e-08	5.000000e+00	3.324679e+00	0.000000e+00	5.000000e+00
1.134394980826455e-08	5.000000e+00	3.325847e+00	0.000000e+00	5.000000e+00
1.138301230826455e-08	5.000000e+00	3.326869e+00	0.000000e+00	5.000000e+00
1.142207480826455e-08	5.000000e+00	3.327767e+00	0.000000e+00	5.000000e+00
1.146113730826455e-08	5.000000e+00	3.328578e+00	0.000000e+00	5.000000e+00
1.150019980826455e-08	5.000000e+00	3.329306e+00	0.000000e+00	5.000000e+00
1.153926230826455e-08	5.000000e+00	3.329978e+00	0.000000e+00	5.000000e+00
1.157832480826455e-08	5.000000e+00	3.330591e+00	0.000000e+00	5.000000e+00
1.161738730826455e-08	5.000000e+00	3.331166e+00	0.000000e+00	5.000000e+00
1.165644980826454e-08	5.000000e+00	3.331694e+00	0.000000e+00	5.000000e+00
1.169551230826454e-08	5.000000e+00	3.332196e+00	0.000000e+00	5.000000e+00
1.173457480826454e-08	5.000000e+00	3.332661e+00	0.000000e+00	5.000000e+00
1.177363730826454e-08	5.000000e+00	3.333106e+00	0.000000e+00	5.000000e+00
1.181269980826454e-08	5.000000e+00	3.333521e+00	0.000000e+00	5.000000e+00
1.185176230826454e-08	5.000000e+00	3.333921e+00	0.000000e+00	5.000000e+00
1.189082480826454e-08	5.000000e+00	3.334296e+00	0.000000e+00	5.000000e+00
1.192988730826454e-08	5.000000e+00	3.334659e+00	0.000000e+00	5.000000e+00
1.196894980826454e-08	5.000000e+00	3.335000e+00	0.000000e+00	5.000000e+00
1.200801230826454e-08	5.000000e+00	3.335334e+00	0.000000e+00	5.000000e+00
1.204707480826454e-08	5.000000e+00	3.335647e+00	0.000000e+00	5.000000e+00
1.208613730826454e-08	5.000000e+00	3.335954e+00	0.000000e+00	5.000000e+00
1.212519980826454e-08	5.000000e+00	3.336244e+00	0.000000e+00	5.000000e+00
1.216426230826454e-08	5.000000e+00	3.336529e+00	0.000000e+00	5.000000e+00
1.220332480826454e-08	5.000000e+00	3.336798e+00	0.000000e+00	5.000000e+00
1.224238730826454e-08	5.000000e+00	3.337065e+00	0.000000e+00	5.000000e+00
1.228144980826454e-08	5.000000e+00	3.337316e+00	0.000000e+00	5.000000e+00
1.232051230826454e-08	5.000000e+00	3.337566e+00	0.000000e+00	5.000000e+00
1.235957480826454e-08	5.000000e+00	3.337801e+00	0.000000e+00	5.000000e+00
1.239863730826454e-08	5.000000e+00	3.338037e+00	0.000000e+00	5.000000e+00
1.243769980826454e-08	5.000000e+00	3.338259e+00	0.000000e+00	5.000000e+00
1.247676230826454e-08	5.000000e+00	3.338481e+00	0.000000e+00	5.000000e+00
1.251582480826454e-08	5.000000e+00	3.338690e+00	0.000000e+00	5.000000e+00
1.255488730826454e-08	5.000000e+00	3.338901e+00	0.000000e+00	5.000000e+00
1.259394980826454e-08	5.000000e+00	3.339099e+00	0.000000e+00	5.000000e+00
1.263301230826454e-08	5.000000e+00	3.339300e+00	0.000000e+00	5.000000e+00
1.267207480826454e-08	5.000000e+00	3.339488e+00	0.000000e+00	5.000000e+00
1.271113730826453e-08	5.000000e+00	3.339679e+00	0.000000e+00	5.000000e+00
1.275019980826453e-08	5.000000e+00	3.339859e+00	0.000000e+00	5.000000e+00
1.278926230826453e-08	5.000000e+00	3.340041e+00	0.000000e+00	5.000000e+00
1.282832480826453e-08	5.000000e+00	3.340212e+00	0.000000e+00	5.000000e+00
1.286738730826453e-08	5.000000e+00	3.340386e+00	0.000000e+00	5.000000e+00
1.290644980826453e-08	5.000000e+00	3.340550e+00	0.000000e+00	5.000000e+00
1.294551230826453e-08	5.000000e+00	3.340717e+00	0.000000e+00	5.000000e+00
1.298457480826453e-08	5.000000e+00	3.340874e+00	0.000000e+00	5.000000e+00
1.302363730826453e-08	5.000000e+00	3.341035e+00	0.000000e+00	5.000000e+00
1.306269980826453e-08	5.000000e+00	3.341186e+00	0.000000e+00	5.000000e+00
1.310176230826453e-08	5.000000e+00	3.341340e+00	0.000000e+00	5.000000e+00
1.314082480826453e-08	5.000000e+00	3.341485e+00	0.000000e+00	5.000000e+00
1.317988730826453e-08	5.000000e+00	3.341634e+00	0.000000e+00	5.000000e+00
1.321894980826453e-08	5.000000e+00	3.341773e+00	0.000000e+00	5.000000e+00
1.325801230826453e-08	5.000000e+00	3.341917e+00	0.000000e+00	5.000000e+00
1.329707480826453e-08	5.000000e+00	3.342051e+00	0.000000e+00	5.000000e+00
1.333613730826453e-08	5.000000e+00	3.342190e+00	0.000000e+00	5.000000e+00
1.337519980826453e-08	5.000000e+00	3.342319e+00	0.000000e+00	5.000000e+00
1.341426230826453e-08	5.000000e+00	3.342453e+00	0.000000e+00	5.000000e+00
1.345332480826453e-08	5.000000e+00	3.342579e+00	0.000000e+00	5.000000e+00
1.349238730826453e-08	5.000000e+00	3.342709e+00	0.000000e+00	5.000000e+00
1.353144980826453e-08	5.000000e+00	3.342830e+00	0.000000e+00	5.000000e+00
1.357051230826453e-08	5.000000e+00	3.342956e+00	0.000000e+00	5.000000e+00
1.360957480826453e-08	5.000000e+00	3.343073e+00	0.000000e+00	5.000000e+00
1.364863730826453e-08	5.000000e+00	3.343195e+00	0.000000e+00	5.000000e+00
1.368769980826453e-08	5.000000e+00	3.343309e+00	0.000000e+00	5.000000e+00
1.372676230826453e-08	5.000000e+00	3.343428e+00	0.000000e+00	5.000000e+00
1.376582480826452e-08	5.000000e+00	3.343538e+00	0.000000e+00	5.000000e+00
1.380488730826452e-08	5.000000e+00	3.343653e+00	0.000000e+00	5.000000e+00
1.384394980826452e-08	5.000000e+00	3.343760e+00	0.000000e+00	5.000000e+00
1.388301230826452e-08	5.000000e+00	3.343873e+00	0.000000e+00	5.000000e+00
1.392207480826452e-08	5.000000e+00	3.343977e+00	0.000000e+00	5.000000e+00
1.396113730826452e-08	5.000000e+00	3.344086e+00	0.000000e+00	5.000000e+00
1.400019980826452e-08	5.000000e+00	3.344187e+00	0.000000e+00	5.000000e+00
1.403926230826452e-08	5.000000e+00	3.344293e+00	0.000000e+00	5.000000e+00
1.407832480826452e-08	5.000000e+00	3.344392e+00	0.000000e+00	5.000000e+00
1.411738730826452e-08	5.000000e+00	3.344496e+00	0.000000e+00	5.000000e+00
1.415644980826452e-08	5.000000e+00	3.344592e+00	0.000000e+00	5.000000e+00
1.419551230826452e-08	5.000000e+00	3.344693e+00	0.000000e+00	5.000000e+00
1.423457480826452e-08	5.000000e+00	3.344786e+00	0.000000e+00	5.000000e+00
1.427363730826452e-08	5.000000e+00	3.344885e+00	0.000000e+00	5.000000e+00
1.431269980826452e-08	5.000000e+00	3.344976e+00	0.000000e+00	5.000000e+00
1.435176230826452e-08	5.000000e+00	3.345073e+00	0.000000e+00	5.000000e+00
1.439082480826452e-08	5.000000e+00	3.345162e+00	0.000000e+00	5.000000e+00
1.442988730826452e-08	5.000000e+00	3.345256e+00	0.000000e+00	5.000000e+00
1.446894980826452e-08	5.000000e+00	3.345343e+00	0.000000e+00	5.000000e+00
1.450801230826452e-08	5.000000e+00	3.345435e+00	0.000000e+00	5.000000e+00
1.454707480826452e-08	5.000000e+00	3.345520e+00	0.000000e+00	5.000000e+00
1.458613730826452e-08	5.000000e+00	3.345609e+00	0.000000e+00	5.000000e+00
1.462519980826452e-08	5.000000e+00	3.345693e+00	0.000000e+00	5.000000e+00
1.466426230826452e-08	5.000000e+00	3.345781e+00	0.000000e+00	5.000000e+00
1.470332480826452e-08	5.000000e+00	3.345862e+00	0.000000e+00	5.000000e+00
1.474238730826452e-08	5.000000e+00	3.345948e+00	0.000000e+00	5.000000e+00
1.478144980826451e-08	5.000000e+00	3.346028e+00	0.000000e+00	5.000000e+00
1.482051230826451e-08	5.000000e+00	3.346112e+00	0.000000e+00	5.000000e+00
1.485957480826451e-08	5.000000e+00	3.346190e+00	0.000000e+00	5.000000e+00
1.489863730826451e-08	5.000000e+00	3.346272e+00	0.000000e+00	5.000000e+00
1.493769980826452e-08	5.000000e+00	3.346349e+00	0.000000e+00	5.000000e+00
1.497676230826451e-08	5.000000e+00	3.346430e+00	0.000000e+00	5.000000e+00
1.501582480826451e-08	5.000000e+00	3.346504e+00	0.000000e+00	5.000000e+00
1.505488730826451e-08	5.000000e+00	3.346584e+00	0.000000e+00	5.000000e+00
1.509394980826451e-08	5.000000e+00	3.346657e+00	0.000000e+00	5.000000e+00
1.513301230826451e-08	5.000000e+00	3.346735e+00	0.000000e+00	5.000000e+00
1.517207480826451e-08	5.000000e+00	3.346807e+00	0.000000e+00	5.000000e+00
1.521113730826451e-08	5.000000e+00	3.346884e+00	0.000000e+00	5.000000e+00
1.525019980826451e-08	5.000000e+00	3.346954e+00	0.000000e+00	5.000000e+00
1.528926230826451e-08	5.000000e+00	3.347029e+00	0.000000e+00	5.000000e+00
1.532832480826451e-08	5.000000e+00	3.347098e+00	0.000000e+00	5.000000e+00
1.536738730826451e-08	5.000000e+00	3.347172e+00	0.000000e+00	5.000000e+00
1.540644980826451e-08	5.000000e+00	3.347239e+00	0.000000e+00	5.000000e+00
1.544551230826451e-08	5.000000e+00	3.347312e+00	0.000000e+00	5.000000e+00
1.548457480826451e-08	5.000000e+00	3.347378e+00	0.000000e+00	5.000000e+00
1.552363730826451e-08	5.000000e+00	3.347450e+00	0.000000e+00	5.000000e+00
1.556269980826451e-08	5.000000e+00	3.347515e+00	0.000000e+00	5.000000e+00
1.560176230826451e-08	5.000000e+00	3.347585e+00	0.000000e+00	5.000000e+00
1.564082480826451e-08	5.000000e+00	3.347649e+00	0.000000e+00	5.000000e+00
1.567988730826451e-08	5.000000e+00	3.347718e+00	0.000000e+00	5.000000e+00
1.571894980826451e-08	5.000000e+00	3.347781e+00	0.000000e+00	5.000000e+00
1.575801230826451e-08	5.000000e+00	3.347849e+00	0.000000e+00	5.000000e+00
1.579707480826451e-08	5.000000e+00	3.347911e+00	0.000000e+00	5.000000e+00
1.583613730826451e-08	5.000000e+00	3.347978e+00	0.000000e+00	5.000000e+00
1.587519980826451e-08	5.000000e+00	3.348039e+00	0.000000e+00	5.000000e+00
1.591426230826451e-08	5.000000e+00	3.348104e+00	0.000000e+00	5.000000e+00
1.595332480826451e-08	5.000000e+00	3.348164e+00	0.000000e+00	5.000000e+00
1.599238730826451e-08	5.000000e+00	3.348229e+00	0.000000e+00	5.000000e+00
1.603144980826450e-08	5.000000e+00	3.348288e+00	0.000000e+00	5.000000e+00
1.607051230826450e-08	5.000000e+00	3.348352e+00	0.000000e+00	5.000000e+00
1.610000000000000e-08	5.000000e+00	3.348395e+00	0.000000e+00	5.000000e+00
1.610294876917355e-08	5.000000e+00	3.354807e+00	1.474385e-01	5.000000e+00
1.610884630752065e-08	5.000000e+00	3.367731e+00	4.423154e-01	5.000000e+00
1.612064138421485e-08	5.000000e+00	3.393575e+00	1.032069e+00	5.000000e+00
1.614423153760325e-08	5.000000e+00	3.445258e+00	2.211577e+00	5.000000e+00
1.618329403760325e-08	5.000000e+00	3.530839e+00	4.164702e+00	5.000000e+00
1.620000000000000e-08	5.000000e+00	3.627080e+00	5.000000e+00	5.000000e+00
1.620167059623968e-08	5.000000e+00	3.626640e+00	5.000000e+00	4.916470e+00
1.620501178871903e-08	5.000000e+00	3.625797e+00	5.000000e+00	4.749411e+00
1.621169417367772e-08	5.000000e+00	3.625405e+00	5.000000e+00	4.415291e+00
1.622505894359513e-08	5.000000e+00	3.629805e+00	5.000000e+00	3.747053e+00
1.624262085498573e-08	5.000000e+00	3.738383e+00	5.000000e+00	2.868957e+00
1.626862865423059e-08	5.000000e+00	4.097863e+00	5.000000e+00	1.568567e+00
1.630000000000000e-08	5.000000e+00	4.527560e+00	5.000000e+00	7.993606e-14
1.630313713457694e-08	5.000000e+00	4.577275e+00	5.000000e+00	0.000000e+00
1.630941140373083e-08	5.000000e+00	4.666903e+00	5.000000e+00	0.000000e+00
1.632195994203859e-08	5.000000e+00	4.795651e+00	5.000000e+00	0.000000e+00
1.634705701865412e-08	5.000000e+00	4.929014e+00	5.000000e+00	0.000000e+00
1.638611951865412e-08	5.000000e+00	4.990392e+00	5.000000e+00	0.000000e+00
1.642518201865412e-08	5.000000e+00	4.998721e+00	5.000000e+00	0.000000e+00
1.646424451865412e-08	5.000000e+00	4.999833e+00	5.000000e+00	0.000000e+00
1.650330701865412e-08	5.000000e+00	4.999976e+00	5.000000e+00	0.000000e+00
1.654236951865412e-08	5.000000e+00	4.999999e+00	5.000000e+00	0.000000e+00
1.658143201865412e-08	5.000000e+00	4.999998e+00	5.000000e+00	0.000000e+00
1.662049451865412e-08	5.000000e+00	5.000002e+00	5.000000e+00	0.000000e+00
1.665955701865412e-08	5.000000e+00	4.999998e+00	5.000000e+00	0.000000e+00
1.669861951865412e-08	5.000000e+00	5.000002e+00	5.000000e+00	0.000000e+00
1.673768201865412e-08	5.000000e+00	4.999998e+00	5.000000e+00	0.000000e+00
1.677674451865412e-08	5.000000e+00	5.000002e+00	5.000000e+00	0.000000e+00
1.681580701865412e-08	5.000000e+00	4.999998e+00	5.000000e+00	0.000000e+00
1.685486951865412e-08	5.000000e+00	5.000002e+00	5.000000e+00	0.000000e+00
1.689393201865412e-08	5.000000e+00	4.999998e+00	5.000000e+00	0.000000e+00
1.693299451865412e-08	5.000000e+00	5.000002e+00	5.000000e+00	0.000000e+00
1.697205701865412e-08	5.000000e+00	4.999998e+00	5.000000e+00	0.000000e+00
1.701111951865412e-08	5.000000e+00	5.000002e+00	5.000000e+00	0.000000e+00
1.705018201865412e-08	5.000000e+00	4.999998e+00	5.000000e+00	0.000000e+00
1.708924451865412e-08	5.000000e+00	5.000002e+00	5.000000e+00	0.000000e+00
1.712830701865412e-08	5.000000e+00	4.999998e+00	5.000000e+00	0.000000e+00
1.716736951865412e-08	5.000000e+00	5.000002e+00	5.000000e+00	0.000000e+00
1.720643201865411e-08	5.000000e+00	4.999998e+00	5.000000e+00	0.000000e+00
1.724549451865411e-08	5.000000e+00	5.000002e+00	5.000000e+00	0.000000e+00
1.728455701865411e-08	5.000000e+00	4.999998e+00	5.000000e+00	0.000000e+00
1.732361951865411e-08	5.000000e+00	5.000002e+00	5.000000e+00	0.000000e+00
1.736268201865411e-08	5.000000e+00	4.999998e+00	5.000000e+00	0.000000e+00
1.740174451865411e-08	5.000000e+00	5.000002e+00	5.000000e+00	0.000000e+00
1.744080701865411e-08	5.000000e+00	4.999998e+00	5.000000e+00	0.000000e+00
1.747986951865411e-08	5.000000e+00	5.000002e+00	5.000000e+00	0.000000e+00
1.751893201865411e-08	5.000000e+00	4.999998e+00	5.000000e+00	0.000000e+00
1.755799451865411e-08	5.000000e+00	5.000002e+00	5.000000e+00	0.000000e+00
1.759705701865411e-08	5.000000e+00	4.999998e+00	5.000000e+00	0.000000e+00
1.763611951865411e-08	5.000000e+00	5.000002e+00	5.000000e+00	0.000000e+00
1.767518201865411e-08	5.000000e+00	4.999998e+00	5.000000e+00	0.000000e+00
1.771424451865411e-08	5.000000e+00	5.000002e+00	5.000000e+00	0.000000e+00
1.775330701865411e-08	5.000000e+00	4.999998e+00	5.000000e+00	0.000000e+00
1.779236951865411e-08	5.000000e+00	5.000002e+00	5.000000e+00	0.000000e+00
1.783143201865411e-08	5.000000e+00	4.999998e+00	5.000000e+00	0.000000e+00
1.787049451865411e-08	5.000000e+00	5.000002e+00	5.000000e+00	0.000000e+00
1.790955701865411e-08	5.000000e+00	4.999998e+00	5.000000e+00	0.000000e+00
1.794861951865411e-08	5.000000e+00	5.000002e+00	5.000000e+00	0.000000e+00
1.798768201865411e-08	5.000000e+00	4.999998e+00	5.000000e+00	0.000000e+00
1.802674451865411e-08	5.000000e+00	5.000002e+00	5.000000e+00	0.000000e+00
1.806580701865411e-08	5.000000e+00	4.999998e+00	5.000000e+00	0.000000e+00
1.810486951865411e-08	5.000000e+00	5.000002e+00	5.000000e+00	0.000000e+00
1.814393201865411e-08	5.000000e+00	4.999998e+00	5.000000e+00	0.000000e+00
1.818299451865411e-08	5.000000e+00	5.000002e+00	5.000000e+00	0.000000e+00
1.822205701865410e-08	5.000000e+00	4.999998e+00	5.000000e+00	0.000000e+00
1.826111951865410e-08	5.000000e+00	5.000002e+00	5.000000e+00	0.000000e+00
1.830018201865410e-08	5.000000e+00	4.999998e+00	5.000000e+00	0.000000e+00
1.833924451865410e-08	5.000000e+00	5.000002e+00	5.000000e+00	0.000000e+00
1.837830701865410e-08	5.000000e+00	4.999998e+00	5.000000e+00	0.000000e+00
1.841736951865410e-08	5.000000e+00	5.000002e+00	5.000000e+00	0.000000e+00
1.845643201865410e-08	5.000000e+00	4.999998e+00	5.000000e+00	0.000000e+00
1.849549451865410e-08	5.000000e+00	5.000002e+00	5.000000e+00	0.000000e+00
1.853455701865410e-08	5.000000e+00	4.999998e+00	5.000000e+00	0.000000e+00
1.857361951865410e-08	5.000000e+00	5.000002e+00	5.000000e+00	0.000000e+00
1.861268201865410e-08	5.000000e+00	4.999998e+00	5.000000e+00	0.000000e+00
1.865174451865410e-08	5.000000e+00	5.000002e+00	5.000000e+00	0.000000e+00
1.869080701865410e-08	5.000000e+00	4.999998e+00	5.000000e+00	0.000000e+00
1.872986951865410e-08	5.000000e+00	5.000002e+00	5.000000e+00	0.000000e+00
1.876893201865410e-08	5.000000e+00	4.999998e+00	5.000000e+00	0.000000e+00
1.880799451865410e-08	5.000000e+00	5.000001e+00	5.000000e+00	0.000000e+00
1.884705701865410e-08	5.000000e+00	4.999998e+00	5.000000e+00	0.000000e+00
1.888611951865410e-08	5.000000e+00	5.000001e+00	5.000000e+00	0.000000e+00
1.892518201865410e-08	5.000000e+00	4.999998e+00	5.000000e+00	0.000000e+00
1.896424451865410e-08	5.000000e+00	5.000001e+00	5.000000e+00	0.000000e+00
1.900330701865410e-08	5.000000e+00	4.999998e+00	5.000000e+00	0.000000e+00
1.904236951865410e-08	5.000000e+00	5.000001e+00	5.000000e+00	0.000000e+00
1.908143201865410e-08	5.000000e+00	4.999998e+00	5.000000e+00	0.000000e+00
1.912049451865410e-08	5.000000e+00	5.000001e+00	5.000000e+00	0.000000e+00
1.915955701865410e-08	5.000000e+00	4.999998e+00	5.000000e+00	0.000000e+00
1.919861951865410e-08	5.000000e+00	5.000001e+00	5.000000e+00	0.000000e+00
1.923768201865410e-08	5.000000e+00	4.999999e+00	5.000000e+00	0.000000e+00
1.927674451865409e-08	5.000000e+00	5.000001e+00	5.000000e+00	0.000000e+00
1.931580701865409e-08	5.000000e+00	4.999999e+00	5.000000e+00	0.000000e+00
1.935486951865409e-08	5.000000e+00	5.000001e+00	5.000000e+00	0.000000e+00
1.939393201865409e-08	5.000000e+00	4.999999e+00	5.000000e+00	0.000000e+00
1.943299451865409e-08	5.000000e+00	5.000001e+00	5.000000e+00	0.000000e+00
1.947205701865409e-08	5.000000e+00	4.999999e+00	5.000000e+00	0.000000e+00
1.951111951865409e-08	5.000000e+00	5.000001e+00	5.000000e+00	0.000000e+00
1.955018201865409e-08	5.000000e+00	4.999999e+00	5.000000e+00	0.000000e+00
1.958924451865409e-08	5.000000e+00	5.000001e+00	5.000000e+00	0.000000e+00
1.962830701865409e-08	5.000000e+00	4.999999e+00	5.000000e+00	0.000000e+00
1.966736951865409e-08	5.000000e+00	5.000001e+00	5.000000e+00	0.000000e+00
1.970643201865409e-08	5.000000e+00	4.999999e+00	5.000000e+00	0.000000e+00
1.974549451865409e-08	5.000000e+00	5.000001e+00	5.000000e+00	0.000000e+00
1.978455701865409e-08	5.000000e+00	4.999999e+00	5.000000e+00	0.000000e+00
1.982361951865409e-08	5.000000e+00	5.000001e+00	5.000000e+00	0.000000e+00
1.986268201865409e-08	5.000000e+00	4.999999e+00	5.000000e+00	0.000000e+00
1.990174451865409e-08	5.000000e+00	5.000001e+00	5.000000e+00	0.000000e+00
1.994080701865409e-08	5.000000e+00	4.999999e+00	5.000000e+00	0.000000e+00
1.997986951865409e-08	5.000000e+00	5.000001e+00	5.000000e+00	0.000000e+00
2.001893201865409e-08	5.000000e+00	4.999999e+00	5.000000e+00	0.000000e+00
2.005799451865409e-08	5.000000e+00	5.000001e+00	5.000000e+00	0.000000e+00
2.009705701865409e-08	5.000000e+00	4.999999e+00	5.000000e+00	0.000000e+00
2.013611951865409e-08	5.000000e+00	5.000001e+00	5.000000e+00	0.000000e+00
2.017518201865409e-08	5.000000e+00	4.999999e+00	5.000000e+00	0.000000e+00
2.021424451865409e-08	5.000000e+00	5.000001e+00	5.000000e+00	0.000000e+00
2.025330701865409e-08	5.000000e+00	4.999999e+00	5.000000e+00	0.000000e+00
2.029236951865409e-08	5.000000e+00	5.000001e+00	5.000000e+00	0.000000e+00
2.033143201865408e-08	5.000000e+00	4.999999e+00	5.000000e+00	0.000000e+00
2.037049451865408e-08	5.000000e+00	5.000001e+00	5.000000e+00	0.000000e+00
2.040955701865408e-08	5.000000e+00	4.999999e+00	5.000000e+00	0.000000e+00
2.044861951865408e-08	5.000000e+00	5.000001e+00	5.000000e+00	0.000000e+00
2.048768201865408e-08	5.000000e+00	4.999999e+00	5.000000e+00	0.000000e+00
2.052674451865408e-08	5.000000e+00	5.000001e+00	5.000000e+00	0.000000e+00
2.056580701865408e-08	5.000000e+00	4.999999e+00	5.000000e+00	0.000000e+00
2.060486951865408e-08	5.000000e+00	5.000001e+00	5.000000e+00	0.000000e+00
2.064393201865408e-08	5.000000e+00	4.999999e+00	5.000000e+00	0.000000e+00
2.068299451865408e-08	5.000000e+00	5.000001e+00	5.000000e+00	0.000000e+00
2.072205701865408e-08	5.000000e+00	4.999999e+00	5.000000e+00	0.000000e+00
2.076111951865408e-08	5.000000e+00	5.000001e+00	5.000000e+00	0.000000e+00
2.080018201865408e-08	5.000000e+00	4.999999e+00	5.000000e+00	0.000000e+00
2.083924451865408e-08	5.000000e+00	5.000001e+00	5.000000e+00	0.000000e+00
2.087830701865408e-08	5.000000e+00	4.999999e+00	5.000000e+00	0.000000e+00
2.091736951865408e-08	5.000000e+00	5.000001e+00	5.000000e+00	0.000000e+00
2.095643201865408e-08	5.000000e+00	4.999999e+00	5.000000e+00	0.000000e+00
2.099549451865408e-08	5.000000e+00	5.000001e+00	5.000000e+00	0.000000e+00
2.103455701865408e-08	5.000000e+00	4.999999e+00	5.000000e+00	0.000000e+00
2.107361951865408e-08	5.000000e+00	5.000001e+00	5.000000e+00	0.000000e+00
2.111268201865408e-08	5.000000e+00	4.999999e+00	5.000000e+00	0.000000e+00
2.115174451865408e-08	5.000000e+00	5.000001e+00	5.000000e+00	0.000000e+00
2.119080701865408e-08	5.000000e+00	4.999999e+00	5.000000e+00	0.000000e+00
2.120000000000000e-08	5.000000e+00	5.000001e+00	5.000000e+00	0.000000e+00
2.120091929813459e-08	4.954035e+00	4.990215e+00	5.000000e+00	0.000000e+00
2.120275789440378e-08	4.862105e+00	4.968445e+00	5.000000e+00	0.000000e+00
2.120643508694215e-08	4.678246e+00	4.911180e+00	5.000000e+00	0.000000e+00
2.121378947201889e-08	4.310526e+00	4.752556e+00	5.000000e+00	0.000000e+00
2.122849824217237e-08	3.575088e+00	4.310949e+00	5.000000e+00	0.000000e+00
2.125043067244519e-08	2.478466e+00	3.317907e+00	5.000000e+00	0.000000e+00
2.128027292104371e-08	9.863539e-01	1.700733e+00	5.000000e+00	0.000000e+00
2.130000000000000e-08	1.216804e-13	6.861886e-01	5.000000e+00	0.000000e+00
2.130197270789563e-08	0.000000e+00	6.180334e-01	5.000000e+00	9.863540e-02
2.130591812368689e-08	0.000000e+00	4.961745e-01	5.000000e+00	2.959062e-01
2.131380895526940e-08	0.000000e+00	3.249313e-01	5.000000e+00	6.904477e-01
2.132959061843444e-08	0.000000e+00	1.638389e-01	5.000000e+00	1.479531e+00
2.135509485665002e-08	0.000000e+00	9.381049e-02	5.000000e+00	2.754743e+00
2.137888644478053e-08	0.000000e+00	8.608899e-02	5.000000e+00	3.944322e+00
2.140000000000000e-08	0.000000e+00	8.469475e-02	5.000000e+00	5.000000e+00
2.140211135552195e-08	0.000000e+00	6.442248e-02	4.894432e+00	5.000000e+00
2.140633406656584e-08	0.000000e+00	2.850031e-02	4.683297e+00	5.000000e+00
2.141477948865363e-08	0.000000e+00	-2.044057e-02	4.261025e+00	5.000000e+00
2.143167033282921e-08	0.000000e+00	-6.830882e-02	3.416483e+00	5.000000e+00
2.146348933394416e-08	0.000000e+00	-1.085278e-01	1.825533e+00	5.000000e+00
2.150000000000000e-08	0.000000e+00	-1.776146e-01	0.000000e+00	5.000000e+00
2.150365106660559e-08	0.000000e+00	-1.776603e-01	0.000000e+00	5.000000e+00
2.151095319981676e-08	0.000000e+00	-1.776609e-01	0.000000e+00	5.000000e+00
2.152555746623910e-08	0.000000e+00	-1.776603e-01	0.000000e+00	5.000000e+00
2.155476599908377e-08	0.000000e+00	-1.776609e-01	0.000000e+00	5.000000e+00
2.159382849908377e-08	0.000000e+00	-1.776603e-01	0.000000e+00	5.000000e+00
2.163289099908377e-08	0.000000e+00	-1.776609e-01	0.000000e+00	5.000000e+00
2.167195349908377e-08	0.000000e+00	-1.776603e-01	0.000000e+00	5.000000e+00
2.171101599908377e-08	0.000000e+00	-1.776609e-01	0.000000e+00	5.000000e+00
2.175007849908377e-08	0.000000e+00	-1.776603e-01	0.000000e+00	5.000000e+00
2.178914099908377e-08	0.000000e+00	-1.776609e-01	0.000000e+00	5.000000e+00
2.182820349908377e-08	0.000000e+00	-1.776603e-01	0.000000e+00	5.000000e+00
2.186726599908377e-08	0.000000e+00	-1.776609e-01	0.000000e+00	5.000000e+00
2.190632849908377e-08	0.000000e+00	-1.776603e-01	0.000000e+00	5.000000e+00
2.194539099908377e-08	0.000000e+00	-1.776609e-01	0.000000e+00	5.000000e+00
2.198445349908377e-08	0.000000e+00	-1.776603e-01	0.000000e+00	5.000000e+00
2.202351599908377e-08	0.000000e+00	-1.776609e-01	0.000000e+00	5.000000e+00
2.206257849908377e-08	0.000000e+00	-1.776603e-01	0.000000e+00	5.000000e+00
2.210164099908376e-08	0.000000e+00	-1.776608e-01	0.000000e+00	5.000000e+00
2.214070349908376e-08	0.000000e+00	-1.776603e-01	0.000000e+00	5.000000e+00
2.217976599908376e-08	0.000000e+00	-1.776608e-01	0.000000e+00	5.000000e+00
2.221882849908376e-08	0.000000e+00	-1.776603e-01	0.000000e+00	5.000000e+00
2.225789099908376e-08	0.000000e+00	-1.776608e-01	0.000000e+00	5.000000e+00
2.229695349908376e-08	0.000000e+00	-1.776603e-01	0.000000e+00	5.000000e+00
2.233601599908376e-08	0.000000e+00	-1.776608e-01	0.000000e+00	5.000000e+00
2.237507849908376e-08	0.000000e+00	-1.776603e-01	0.000000e+00	5.000000e+00
2.241414099908376e-08	0.000000e+00	-1.776608e-01	0.000000e+00	5.000000e+00
2.245320349908376e-08	0.000000e+00	-1.776603e-01	0.000000e+00	5.000000e+00
2.249226599908376e-08	0.000000e+00	-1.776608e-01	0.000000e+00	5.000000e+00
2.253132849908376e-08	0.000000e+00	-1.776603e-01	0.000000e+00	5.000000e+00
2.257039099908376e-08	0.000000e+00	-1.776608e-01	0.000000e+00	5.000000e+00
2.260945349908376e-08	0.000000e+00	-1.776603e-01	0.000000e+00	5.000000e+00
2.264851599908376e-08	0.000000e+00	-1.776608e-01	0.000000e+00	5.000000e+00
2.268757849908376e-08	0.000000e+00	-1.776603e-01	0.000000e+00	5.000000e+00
2.272664099908376e-08	0.000000e+00	-1.776608e-01	0.000000e+00	5.000000e+00
2.276570349908376e-08	0.000000e+00	-1.776603e-01	0.000000e+00	5.000000e+00
2.280476599908376e-08	0.000000e+00	-1.776608e-01	0.000000e+00	5.000000e+00
2.284382849908376e-08	0.000000e+00	-1.776603e-01	0.000000e+00	5.000000e+00
2.288289099908376e-08	0.000000e+00	-1.776608e-01	0.000000e+00	5.000000e+00
2.292195349908376e-08	0.000000e+00	-1.776603e-01	0.000000e+00	5.000000e+00
2.296101599908376e-08	0.000000e+00	-1.776608e-01	0.000000e+00	5.000000e+00
2.300007849908376e-08	0.000000e+00	-1.776603e-01	0.000000e+00	5.000000e+00
2.303914099908376e-08	0.000000e+00	-1.776608e-01	0.000000e+00	5.000000e+00
2.307820349908376e-08	0.000000e+00	-1.776603e-01	0.000000e+00	5.000000e+00
2.311726599908376e-08	0.000000e+00	-1.776608e-01	0.000000e+00	5.000000e+00
2.315632849908375e-08	0.000000e+00	-1.776603e-01	0.000000e+00	5.000000e+00
2.319539099908375e-08	0.000000e+00	-1.776607e-01	0.000000e+00	5.000000e+00
2.323445349908375e-08	0.000000e+00	-1.776603e-01	0.000000e+00	5.000000e+00
2.327351599908375e-08	0.000000e+00	-1.776607e-01	0.000000e+00	5.000000e+00
2.331257849908375e-08	0.000000e+00	-1.776603e-01	0.000000e+00	5.000000e+00
2.335164099908375e-08	0.000000e+00	-1.776607e-01	0.000000e+00	5.000000e+00
2.339070349908375e-08	0.000000e+00	-1.776603e-01	0.000000e+00	5.000000e+00
2.342976599908375e-08	0.000000e+00	-1.776607e-01	0.000000e+00	5.000000e+00
2.346882849908375e-08	0.000000e+00	-1.776602e-01	0.000000e+00	5.000000e+00
2.350789099908375e-08	0.000000e+00	-1.776607e-01	0.000000e+00	5.000000e+00
2.354695349908375e-08	0.000000e+00	-1.776602e-01	0.000000e+00	5.000000e+00
2.358601599908375e-08	0.000000e+00	-1.776607e-01	0.000000e+00	5.000000e+00
2.362507849908375e-08	0.000000e+00	-1.776602e-01	0.000000e+00	5.000000e+00
2.366414099908375e-08	0.000000e+00	-1.776607e-01	0.000000e+00	5.000000e+00
2.370320349908375e-08	0.000000e+00	-1.776602e-01	0.000000e+00	5.000000e+00
2.374226599908375e-08	0.000000e+00	-1.776607e-01	0.000000e+00	5.000000e+00
2.378132849908375e-08	0.000000e+00	-1.776602e-01	0.000000e+00	5.000000e+00
2.382039099908375e-08	0.000000e+00	-1.776607e-01	0.000000e+00	5.000000e+00
2.385945349908375e-08	0.000000e+00	-1.776602e-01	0.000000e+00	5.000000e+00
2.389851599908375e-08	0.000000e+00	-1.776607e-01	0.000000e+00	5.000000e+00
2.393757849908375e-08	0.000000e+00	-1.776602e-01	0.000000e+00	5.000000e+00
2.397664099908375e-08	0.000000e+00	-1.776607e-01	0.000000e+00	5.000000e+00
2.401570349908375e-08	0.000000e+00	-1.776602e-01	0.000000e+00	5.000000e+00
2.405476599908375e-08	0.000000e+00	-1.776607e-01	0.000000e+00	5.000000e+00
2.409382849908375e-08	0.000000e+00	-1.776602e-01	0.000000e+00	5.000000e+00
2.413289099908375e-08	0.000000e+00	-1.776607e-01	0.000000e+00	5.000000e+00
2.417195349908374e-08	0.000000e+00	-1.776602e-01	0.000000e+00	5.000000e+00
2.421101599908374e-08	0.000000e+00	-1.776607e-01	0.000000e+00	5.000000e+00
2.425007849908374e-08	0.000000e+00	-1.776602e-01	0.000000e+00	5.000000e+00
2.428914099908374e-08	0.000000e+00	-1.776607e-01	0.000000e+00	5.000000e+00
2.432820349908374e-08	0.000000e+00	-1.776602e-01	0.000000e+00	5.000000e+00
2.436726599908374e-08	0.000000e+00	-1.776607e-01	0.000000e+00	5.000000e+00
2.440632849908374e-08	0.000000e+00	-1.776602e-01	0.000000e+00	5.000000e+00
2.444539099908374e-08	0.000000e+00	-1.776606e-01	0.000000e+00	5.000000e+00
2.448445349908374e-08	0.000000e+00	-1.776602e-01	0.000000e+00	5.000000e+00
2.452351599908374e-08	0.000000e+00	-1.776606e-01	0.000000e+00	5.000000e+00
2.456257849908374e-08	0.000000e+00	-1.776602e-01	0.000000e+00	5.000000e+00
2.460164099908374e-08	0.000000e+00	-1.776606e-01	0.000000e+00	5.000000e+00
2.464070349908374e-08	0.000000e+00	-1.776602e-01	0.000000e+00	5.000000e+00
2.467976599908374e-08	0.000000e+00	-1.776606e-01	0.000000e+00	5.000000e+00
2.471882849908374e-08	0.000000e+00	-1.776602e-01	0.000000e+00	5.000000e+00
2.475789099908374e-08	0.000000e+00	-1.776606e-01	0.000000e+00	5.000000e+00
2.479695349908374e-08	0.000000e+00	-1.776602e-01	0.000000e+00	5.000000e+00
2.483601599908374e-08	0.000000e+00	-1.776606e-01	0.000000e+00	5.000000e+00
2.487507849908374e-08	0.000000e+00	-1.776602e-01	0.000000e+00	5.000000e+00
2.491414099908374e-08	0.000000e+00	-1.776606e-01	0.000000e+00	5.000000e+00
2.495320349908374e-08	0.000000e+00	-1.776602e-01	0.000000e+00	5.000000e+00
2.499226599908374e-08	0.000000e+00	-1.776606e-01	0.000000e+00	5.000000e+00
2.503132849908374e-08	0.000000e+00	-1.776602e-01	0.000000e+00	5.000000e+00
2.507039099908374e-08	0.000000e+00	-1.776606e-01	0.000000e+00	5.000000e+00
2.510945349908374e-08	0.000000e+00	-1.776602e-01	0.000000e+00	5.000000e+00
2.514851599908374e-08	0.000000e+00	-1.776606e-01	0.000000e+00	5.000000e+00
2.518757849908374e-08	0.000000e+00	-1.776602e-01	0.000000e+00	5.000000e+00
2.522664099908373e-08	0.000000e+00	-1.776606e-01	0.000000e+00	5.000000e+00
2.526570349908373e-08	0.000000e+00	-1.776601e-01	0.000000e+00	5.000000e+00
2.530476599908373e-08	0.000000e+00	-1.776606e-01	0.000000e+00	5.000000e+00
2.534382849908373e-08	0.000000e+00	-1.776601e-01	0.000000e+00	5.000000e+00
2.538289099908373e-08	0.000000e+00	-1.776606e-01	0.000000e+00	5.000000e+00
2.542195349908373e-08	0.000000e+00	-1.776601e-01	0.000000e+00	5.000000e+00
2.546101599908373e-08	0.000000e+00	-1.776606e-01	0.000000e+00	5.000000e+00
2.550007849908373e-08	0.000000e+00	-1.776601e-01	0.000000e+00	5.000000e+00
2.553914099908373e-08	0.000000e+00	-1.776606e-01	0.000000e+00	5.000000e+00
2.557820349908373e-08	0.000000e+00	-1.776601e-01	0.000000e+00	5.000000e+00
2.561726599908373e-08	0.000000e+00	-1.776606e-01	0.000000e+00	5.000000e+00
2.565632849908373e-08	0.000000e+00	-1.776601e-01	0.000000e+00	5.000000e+00
2.569539099908373e-08	0.000000e+00	-1.776606e-01	0.000000e+00	5.000000e+00
2.573445349908373e-08	0.000000e+00	-1.776601e-01	0.000000e+00	5.000000e+00
2.577351599908373e-08	0.000000e+00	-1.776605e-01	0.000000e+00	5.000000e+00
2.581257849908373e-08	0.000000e+00	-1.776601e-01	0.000000e+00	5.000000e+00
2.585164099908373e-08	0.000000e+00	-1.776605e-01	0.000000e+00	5.000000e+00
2.589070349908373e-08	0.000000e+00	-1.776601e-01	0.000000e+00	5.000000e+00
2.592976599908373e-08	0.000000e+00	-1.776605e-01	0.000000e+00	5.000000e+00
2.596882849908373e-08	0.000000e+00	-1.776601e-01	0.000000e+00	5.000000e+00
2.600789099908373e-08	0.000000e+00	-1.776605e-01	0.000000e+00	5.000000e+00
2.604695349908373e-08	0.000000e+00	-1.776601e-01	0.000000e+00	5.000000e+00
2.608601599908373e-08	0.000000e+00	-1.776605e-01	0.000000e+00	5.000000e+00
2.612507849908373e-08	0.000000e+00	-1.776601e-01	0.000000e+00	5.000000e+00
2.616414099908373e-08	0.000000e+00	-1.776605e-01	0.000000e+00	5.000000e+00
2.620320349908373e-08	0.000000e+00	-1.776601e-01	0.000000e+00	5.000000e+00
2.624226599908373e-08	0.000000e+00	-1.776605e-01	0.000000e+00	5.000000e+00
2.628132849908372e-08	0.000000e+00	-1.776601e-01	0.000000e+00	5.000000e+00
2.632039099908372e-08	0.000000e+00	-1.776605e-01	0.000000e+00	5.000000e+00
2.635945349908372e-08	0.000000e+00	-1.776601e-01	0.000000e+00	5.000000e+00
2.639851599908372e-08	0.000000e+00	-1.776605e-01	0.000000e+00	5.000000e+00
2.643757849908372e-08	0.000000e+00	-1.776601e-01	0.000000e+00	5.000000e+00
2.647664099908372e-08	0.000000e+00	-1.776605e-01	0.000000e+00	5.000000e+00
2.650000000000000e-08	0.000000e+00	-1.776601e-01	0.000000e+00	5.000000e+00
2.650233590009163e-08	0.000000e+00	-1.734818e-01	1.167950e-01	5.000000e+00
2.650700770027489e-08	0.000000e+00	-1.650146e-01	3.503850e-01	5.000000e+00
2.651635130064140e-08	0.000000e+00	-1.322436e-01	8.175650e-01	5.000000e+00
2.653503850137442e-08	0.000000e+00	-1.888606e-02	1.751925e+00	5.000000e+00
2.656105242469859e-08	0.000000e+00	7.690215e-02	3.052621e+00	5.000000e+00
2.658954022570626e-08	0.000000e+00	8.918115e-02	4.477011e+00	5.000000e+00
2.660000000000000e-08	0.000000e+00	8.627471e-02	5.000000e+00	5.000000e+00
2.660104597742938e-08	0.000000e+00	7.548628e-02	5.000000e+00	4.947701e+00
2.660313793228813e-08	0.000000e+00	5.478594e-02	5.000000e+00	4.843103e+00
2.660732184200563e-08	0.000000e+00	2.109830e-02	5.000000e+00	4.633908e+00
2.661568966144062e-08	0.000000e+00	-2.488547e-02	5.000000e+00	4.215517e+00
2.663242530031062e-08	0.000000e+00	-6.734809e-02	5.000000e+00	3.378735e+00
2.666324974217911e-08	0.000000e+00	-8.402308e-02	5.000000e+00	1.837513e+00
2.670000000000000e-08	0.000000e+00	-7.682775e-02	5.000000e+00	0.000000e+00
2.670367502578209e-08	0.000000e+00	-6.179304e-02	5.000000e+00	0.000000e+00
2.671102507734627e-08	0.000000e+00	-3.737804e-02	5.000000e+00	0.000000e+00
2.672572518047463e-08	0.000000e+00	-1.258338e-02	5.000000e+00	0.000000e+00
2.675512538673135e-08	0.000000e+00	-7.119350e-06	5.000000e+00	0.000000e+00
2.679418788673135e-08	0.000000e+00	1.444528e-06	5.000000e+00	0.000000e+00
2.683325038673135e-08	0.000000e+00	-5.585395e-07	5.000000e+00	0.000000e+00
2.687231288673135e-08	0.000000e+00	5.268569e-07	5.000000e+00	0.000000e+00
2.691137538673135e-08	0.000000e+00	-4.723650e-07	5.000000e+00	0.000000e+00
2.695043788673135e-08	0.000000e+00	5.110201e-07	5.000000e+00	0.000000e+00
2.698950038673135e-08	0.000000e+00	-4.693608e-07	5.000000e+00	0.000000e+00
2.702856288673135e-08	0.000000e+00	5.089434e-07	5.000000e+00	0.000000e+00
2.706762538673135e-08	0.000000e+00	-4.676286e-07	5.000000e+00	0.000000e+00
2.710668788673135e-08	0.000000e+00	5.070816e-07	5.000000e+00	0.000000e+00
2.714575038673134e-08	0.000000e+00	-4.659204e-07	5.000000e+00	0.000000e+00
2.718481288673134e-08	0.000000e+00	5.052279e-07	5.000000e+00	0.000000e+00
2.722387538673134e-08	0.000000e+00	-4.642171e-07	5.000000e+00	0.000000e+00
2.726293788673134e-08	0.000000e+00	5.033792e-07	5.000000e+00	0.000000e+00
2.730200038673134e-08	0.000000e+00	-4.625183e-07	5.000000e+00	0.000000e+00
2.734106288673134e-08	0.000000e+00	5.015356e-07	5.000000e+00	0.000000e+00
2.738012538673134e-08	0.000000e+00	-4.608242e-07	5.000000e+00	0.000000e+00
2.741918788673134e-08	0.000000e+00	4.996969e-07	5.000000e+00	0.000000e+00
2.745825038673134e-08	0.000000e+00	-4.591346e-07	5.000000e+00	0.000000e+00
2.749731288673134e-08	0.000000e+00	4.978633e-07	5.000000e+00	0.000000e+00
2.753637538673134e-08	0.000000e+00	-4.574497e-07	5.000000e+00	0.000000e+00
2.757543788673134e-08	0.000000e+00	4.960346e-07	5.000000e+00	0.000000e+00
2.761450038673134e-08	0.000000e+00	-4.557694e-07	5.000000e+00	0.000000e+00
2.765356288673134e-08	0.000000e+00	4.942110e-07	5.000000e+00	0.000000e+00
2.769262538673134e-08	0.000000e+00	-4.540937e-07	5.000000e+00	0.000000e+00
2.773168788673134e-08	0.000000e+00	4.923923e-07	5.000000e+00	0.000000e+00
2.777075038673134e-08	0.000000e+00	-4.524225e-07	5.000000e+00	0.000000e+00
2.780981288673134e-08	0.000000e+00	4.905787e-07	5.000000e+00	0.000000e+00
2.784887538673134e-08	0.000000e+00	-4.507560e-07	5.000000e+00	0.000000e+00
2.788793788673134e-08	0.000000e+00	4.887701e-07	5.000000e+00	0.000000e+00
2.792700038673134e-08	0.000000e+00	-4.490941e-07	5.000000e+00	0.000000e+00
2.796606288673134e-08	0.000000e+00	4.869664e-07	5.000000e+00	0.000000e+00
2.800512538673134e-08	0.000000e+00	-4.474368e-07	5.000000e+00	0.000000e+00
2.804418788673134e-08	0.000000e+00	4.851678e-07	5.000000e+00	0.000000e+00
2.808325038673134e-08	0.000000e+00	-4.457841e-07	5.000000e+00	0.000000e+00
2.812231288673134e-08	0.000000e+00	4.833743e-07	5.000000e+00	0.000000e+00
2.816137538673134e-08	0.000000e+00	-4.441360e-07	5.000000e+00	0.000000e+00
2.820043788673133e-08	0.000000e+00	4.815856e-07	5.000000e+00	0.000000e+00
2.823950038673133e-08	0.000000e+00	-4.424926e-07	5.000000e+00	0.000000e+00
2.827856288673133e-08	0.000000e+00	4.798021e-07	5.000000e+00	0.000000e+00
2.831762538673133e-08	0.000000e+00	-4.408537e-07	5.000000e+00	0.000000e+00
2.835668788673133e-08	0.000000e+00	4.780235e-07	5.000000e+00	0.000000e+00
2.839575038673133e-08	0.000000e+00	-4.392195e-07	5.000000e+00	0.000000e+00
2.843481288673133e-08	0.000000e+00	4.762500e-07	5.000000e+00	0.000000e+00
2.847387538673133e-08	0.000000e+00	-4.375899e-07	5.000000e+00	0.000000e+00
2.851293788673133e-08	0.000000e+00	4.744815e-07	5.000000e+00	0.000000e+00
2.855200038673133e-08	0.000000e+00	-4.359649e-07	5.000000e+00	0.000000e+00
2.859106288673133e-08	0.000000e+00	4.727179e-07	5.000000e+00	0.000000e+00
2.863012538673133e-08	0.000000e+00	-4.343445e-07	5.000000e+00	0.000000e+00
2.866918788673133e-08	0.000000e+00	4.709594e-07	5.000000e+00	0.000000e+00
2.870825038673133e-08	0.000000e+00	-4.327287e-07	5.000000e+00	0.000000e+00
2.874731288673133e-08	0.000000e+00	4.692060e-07	5.000000e+00	0.000000e+00
2.878637538673133e-08	0.000000e+00	-4.311176e-07	5.000000e+00	0.000000e+00
2.882543788673133e-08	0.000000e+00	4.674575e-07	5.000000e+00	0.000000e+00
2.886450038673133e-08	0.000000e+00	-4.295110e-07	5.000000e+00	0.000000e+00
2.890356288673133e-08	0.000000e+00	4.657140e-07	5.000000e+00	0.000000e+00
2.894262538673133e-08	0.000000e+00	-4.279091e-07	5.000000e+00	0.000000e+00
2.898168788673133e-08	0.000000e+00	4.639756e-07	5.000000e+00	0.000000e+00
2.902075038673133e-08	0.000000e+00	-4.263118e-07	5.000000e+00	0.000000e+00
2.905981288673133e-08	0.000000e+00	4.622421e-07	5.000000e+00	0.000000e+00
2.909887538673133e-08	0.000000e+00	-4.247191e-07	5.000000e+00	0.000000e+00
2.913793788673133e-08	0.000000e+00	4.605137e-07	5.000000e+00	0.000000e+00
2.917700038673133e-08	0.000000e+00	-4.231310e-07	5.000000e+00	0.000000e+00
2.921606288673133e-08	0.000000e+00	4.587903e-07	5.000000e+00	0.000000e+00
2.925512538673132e-08	0.000000e+00	-4.215475e-07	5.000000e+00	0.000000e+00
2.929418788673132e-08	0.000000e+00	4.570719e-07	5.000000e+00	0.000000e+00
2.933325038673132e-08	0.000000e+00	-4.199686e-07	5.000000e+00	0.000000e+00
2.937231288673132e-08	0.000000e+00	4.553585e-07	5.000000e+00	0.000000e+00
2.941137538673132e-08	0.000000e+00	-4.183943e-07	5.000000e+00	0.000000e+00
2.945043788673132e-08	0.000000e+00	4.536500e-07	5.000000e+00	0.000000e+00
2.948950038673132e-08	0.000000e+00	-4.168246e-07	5.000000e+00	0.000000e+00
2.952856288673132e-08	0.000000e+00	4.519466e-07	5.000000e+00	0.000000e+00
2.956762538673132e-08	0.000000e+00	-4.152596e-07	5.000000e+00	0.000000e+00
2.960668788673132e-08	0.000000e+00	4.502483e-07	5.000000e+00	0.000000e+00
2.964575038673132e-08	0.000000e+00	-4.136991e-07	5.000000e+00	0.000000e+00
2.968481288673132e-08	0.000000e+00	4.485548e-07	5.000000e+00	0.000000e+00
2.972387538673132e-08	0.000000e+00	-4.121432e-07	5.000000e+00	0.000000e+00
2.976293788673132e-08	0.000000e+00	4.468664e-07	5.000000e+00	0.000000e+00
2.980200038673132e-08	0.000000e+00	-4.105919e-07	5.000000e+00	0.000000e+00
2.984106288673132e-08	0.000000e+00	4.451830e-07	5.000000e+00	0.000000e+00
2.988012538673132e-08	0.000000e+00	-4.090452e-07	5.000000e+00	0.000000e+00
2.991918788673132e-08	0.000000e+00	4.435046e-07	5.000000e+00	0.000000e+00
2.995825038673132e-08	0.000000e+00	-4.075031e-07	5.000000e+00	0.000000e+00
2.999731288673132e-08	0.000000e+00	4.418311e-07	5.000000e+00	0.000000e+00
3.003637538673132e-08	0.000000e+00	-4.059656e-07	5.000000e+00	0.000000e+00
3.007543788673132e-08	0.000000e+00	4.401627e-07	5.000000e+00	0.000000e+00
3.011450038673132e-08	0.000000e+00	-4.044327e-07	5.000000e+00	0.000000e+00
3.015356288673132e-08	0.000000e+00	4.384992e-07	5.000000e+00	0.000000e+00
3.019262538673132e-08	0.000000e+00	-4.029044e-07	5.000000e+00	0.000000e+00
3.023168788673132e-08	0.000000e+00	4.368407e-07	5.000000e+00	0.000000e+00
3.027075038673131e-08	0.000000e+00	-4.013806e-07	5.000000e+00	0.000000e+00
3.030981288673131e-08	0.000000e+00	4.351871e-07	5.000000e+00	0.000000e+00
3.034887538673131e-08	0.000000e+00	-3.998614e-07	5.000000e+00	0.000000e+00
3.038793788673131e-08	0.000000e+00	4.335386e-07	5.000000e+00	0.000000e+00
3.042700038673131e-08	0.000000e+00	-3.983468e-07	5.000000e+00	0.000000e+00
3.046606288673131e-08	0.000000e+00	4.318950e-07	5.000000e+00	0.000000e+00
3.050512538673131e-08	0.000000e+00	-3.968368e-07	5.000000e+00	0.000000e+00
3.054418788673131e-08	0.000000e+00	4.302564e-07	5.000000e+00	0.000000e+00
3.058325038673131e-08	0.000000e+00	-3.953313e-07	5.000000e+00	0.000000e+00
3.062231288673131e-08	0.000000e+00	4.286227e-07	5.000000e+00	0.000000e+00
3.066137538673131e-08	0.000000e+00	-3.938304e-07	5.000000e+00	0.000000e+00
3.070043788673131e-08	0.000000e+00	4.269940e-07	5.000000e+00	0.000000e+00
3.073950038673131e-08	0.000000e+00	-3.923340e-07	5.000000e+00	0.000000e+00
3.077856288673131e-08	0.000000e+00	4.253702e-07	5.000000e+00	0.000000e+00
3.081762538673131e-08	0.000000e+00	-3.908422e-07	5.000000e+00	0.000000e+00
3.085668788673131e-08	0.000000e+00	4.237514e-07	5.000000e+00	0.000000e+00
3.089575038673131e-08	0.000000e+00	-3.893549e-07	5.000000e+00	0.000000e+00
3.093481288673131e-08	0.000000e+00	4.221376e-07	5.000000e+00	0.000000e+00
3.097387538673131e-08	0.000000e+00	-3.878722e-07	5.000000e+00	0.000000e+00
3.101293788673131e-08	0.000000e+00	4.205286e-07	5.000000e+00	0.000000e+00
3.105200038673131e-08	0.000000e+00	-3.863941e-07	5.000000e+00	0.000000e+00
3.109106288673131e-08	0.000000e+00	4.189246e-07	5.000000e+00	0.000000e+00
3.113012538673131e-08	0.000000e+00	-3.849204e-07	5.000000e+00	0.000000e+00
3.116918788673131e-08	0.000000e+00	4.173256e-07	5.000000e+00	0.000000e+00
3.120825038673131e-08	0.000000e+00	-3.834514e-07	5.000000e+00	0.000000e+00
3.124731288673131e-08	0.000000e+00	4.157314e-07	5.000000e+00	0.000000e+00
3.128637538673131e-08	0.000000e+00	-3.819868e-07	5.000000e+00	0.000000e+00
3.130000000000000e-08	0.000000e+00	4.229031e-07	5.000000e+00	0.000000e+00
3.130136246132687e-08	6.812306e-02	1.156263e-02	5.000000e+00	0.000000e+00
3.130408738398061e-08	2.043692e-01	4.417078e-02	5.000000e+00	0.000000e+00
3.130953722928809e-08	4.768615e-01	1.578447e-01	5.000000e+00	0.000000e+00
3.132043691990305e-08	1.021846e+00	5.056853e-01	5.000000e+00	0.000000e+00
3.134160792481955e-08	2.080396e+00	1.430957e+00	5.000000e+00	0.000000e+00
3.136828890005414e-08	3.414445e+00	2.712446e+00	5.000000e+00	0.000000e+00
3.139707735926025e-08	4.853868e+00	3.941283e+00	5.000000e+00	0.000000e+00
3.140000000000000e-08	5.000000e+00	4.060533e+00	5.000000e+00	0.000000e+00
3.140029226407398e-08	5.000000e+00	4.070040e+00	5.000000e+00	0.000000e+00
3.140087679222193e-08	5.000000e+00	4.089174e+00	5.000000e+00	0.000000e+00
3.140204584851783e-08	5.000000e+00	4.126503e+00	5.000000e+00	0.000000e+00
3.140438396110963e-08	5.000000e+00	4.197025e+00	5.000000e+00	0.000000e+00
3.140906018629324e-08	5.000000e+00	4.322940e+00	5.000000e+00	0.000000e+00
3.141841263666045e-08	5.000000e+00	4.522552e+00	5.000000e+00	0.000000e+00
3.143711753739486e-08	5.000000e+00	4.771701e+00	5.000000e+00	0.000000e+00
3.147452733886368e-08	5.000000e+00	4.962795e+00	5.000000e+00	0.000000e+00
3.151358983886368e-08	5.000000e+00	4.995027e+00	5.000000e+00	0.000000e+00
3.155265233886368e-08	5.000000e+00	4.999331e+00	5.000000e+00	0.000000e+00
3.159171483886368e-08	5.000000e+00	4.999928e+00	5.000000e+00	0.000000e+00
3.163077733886368e-08	5.000000e+00	4.999978e+00	5.000000e+00	0.000000e+00
3.166983983886368e-08	5.000000e+00	5.000010e+00	5.000000e+00	0.000000e+00
3.170000000000000e-08	5.000000e+00	4.999988e+00	5.000000e+00	0.000000e+00
3.170301601611363e-08	5.000000e+00	5.019808e+00	5.000000e+00	1.508008e-01
3.170904804834090e-08	5.000000e+00	5.055969e+00	5.000000e+00	4.524024e-01
3.172111211279543e-08	5.000000e+00	5.110203e+00	5.000000e+00	1.055606e+00
3.174524024170448e-08	5.000000e+00	5.184193e+00	5.000000e+00	2.262012e+00
3.178430274170448e-08	5.000000e+00	5.347408e+00	5.000000e+00	4.215137e+00
3.180000000000000e-08	5.000000e+00	5.429766e+00	5.000000e+00	5.000000e+00
3.180156972582955e-08	5.000000e+00	5.426473e+00	4.921514e+00	5.000000e+00
3.180470917748866e-08	5.000000e+00	5.419611e+00	4.764541e+00	5.000000e+00
3.181098808080687e-08	5.000000e+00	5.405876e+00	4.450596e+00	5.000000e+00
3.182354588744329e-08	5.000000e+00	5.378410e+00	3.822706e+00	5.000000e+00
3.184866150071612e-08	5.000000e+00	5.323438e+00	2.566925e+00	5.000000e+00
3.188772400071612e-08	5.000000e+00	5.237901e+00	6.138000e-01	5.000000e+00
3.190000000000001e-08	5.000000e+00	5.211018e+00	0.000000e+00	5.000000e+00
3.190122759992839e-08	5.000000e+00	5.210969e+00	0.000000e+00	5.000000e+00
3.190368279978518e-08	5.000000e+00	5.210967e+00	0.000000e+00	5.000000e+00
3.190859319949873e-08	5.000000e+00	5.210969e+00	0.000000e+00	5.000000e+00
3.191841399892584e-08	5.000000e+00	5.210967e+00	0.000000e+00	5.000000e+00
3.193805559778006e-08	5.000000e+00	5.210969e+00	0.000000e+00	5.000000e+00
3.197711809778006e-08	5.000000e+00	5.210967e+00	0.000000e+00	5.000000e+00
3.201618059778006e-08	5.000000e+00	5.210969e+00	0.000000e+00	5.000000e+00
3.205524309778006e-08	5.000000e+00	5.210967e+00	0.000000e+00	5.000000e+00
3.209430559778006e-08	5.000000e+00	5.210969e+00	0.000000e+00	5.000000e+00
3.213336809778006e-08	5.000000e+00	5.210967e+00	0.000000e+00	5.000000e+00
3.217243059778006e-08	5.000000e+00	5.210968e+00	0.000000e+00	5.000000e+00
3.221149309778006e-08	5.000000e+00	5.210967e+00	0.000000e+00	5.000000e+00
3.225055559778006e-08	5.000000e+00	5.210968e+00	0.000000e+00	5.000000e+00
3.228961809778006e-08	5.000000e+00	5.210967e+00	0.000000e+00	5.000000e+00
3.232868059778006e-08	5.000000e+00	5.210968e+00	0.000000e+00	5.000000e+00
3.236774309778006e-08	5.000000e+00	5.210967e+00	0.000000e+00	5.000000e+00
3.240680559778006e-08	5.000000e+00	5.210968e+00	0.000000e+00	5.000000e+00
3.244586809778006e-08	5.000000e+00	5.210967e+00	0.000000e+00	5.000000e+00
3.248493059778006e-08	5.000000e+00	5.210968e+00	0.000000e+00	5.000000e+00
3.252399309778006e-08	5.000000e+00	5.210967e+00	0.000000e+00	5.000000e+00
3.256305559778006e-08	5.000000e+00	5.210968e+00	0.000000e+00	5.000000e+00
3.260211809778005e-08	5.000000e+00	5.210967e+00	0.000000e+00	5.000000e+00
3.264118059778005e-08	5.000000e+00	5.210968e+00	0.000000e+00	5.000000e+00
3.268024309778005e-08	5.000000e+00	5.210967e+00	0.000000e+00	5.000000e+00
3.271930559778005e-08	5.000000e+00	5.210968e+00	0.000000e+00	5.000000e+00
3.275836809778005e-08	5.000000e+00	5.210967e+00	0.000000e+00	5.000000e+00
3.279743059778005e-08	5.000000e+00	5.210968e+00	0.000000e+00	5.000000e+00
3.283649309778005e-08	5.000000e+00	5.210966e+00	0.000000e+00	5.000000e+00
3.287555559778005e-08	5.000000e+00	5.210968e+00	0.000000e+00	5.000000e+00
3.291461809778005e-08	5.000000e+00	5.210966e+00	0.000000e+00	5.000000e+00
3.295368059778005e-08	5.000000e+00	5.210968e+00	0.000000e+00	5.000000e+00
3.299274309778005e-08	5.000000e+00	5.210966e+00	0.000000e+00	5.000000e+00
3.303180559778005e-08	5.000000e+00	5.210968e+00	0.000000e+00	5.000000e+00
3.307086809778005e-08	5.000000e+00	5.210966e+00	0.000000e+00	5.000000e+00
3.310993059778005e-08	5.000000e+00	5.210968e+00	0.000000e+00	5.000000e+00
3.314899309778005e-08	5.000000e+00	5.210966e+00	0.000000e+00	5.000000e+00
3.318805559778005e-08	5.000000e+00	5.210968e+00	0.000000e+00	5.000000e+00
3.322711809778005e-08	5.000000e+00	5.210966e+00	0.000000e+00	5.000000e+00
3.326618059778005e-08	5.000000e+00	5.210968e+00	0.000000e+00	5.000000e+00
3.330524309778005e-08	5.000000e+00	5.210966e+00	0.000000e+00	5.000000e+00
3.334430559778005e-08	5.000000e+00	5.210968e+00	0.000000e+00	5.000000e+00
3.338336809778005e-08	5.000000e+00	5.210966e+00	0.000000e+00	5.000000e+00
3.342243059778005e-08	5.000000e+00	5.210967e+00	0.000000e+00	5.000000e+00
3.346149309778005e-08	5.000000e+00	5.210966e+00	0.000000e+00	5.000000e+00
3.350055559778005e-08	5.000000e+00	5.210967e+00	0.000000e+00	5.000000e+00
3.353961809778005e-08	5.000000e+00	5.210966e+00	0.000000e+00	5.000000e+00
3.357868059778005e-08	5.000000e+00	5.210967e+00	0.000000e+00	5.000000e+00
3.361774309778005e-08	5.000000e+00	5.210966e+00	0.000000e+00	5.000000e+00
3.365680559778004e-08	5.000000e+00	5.210967e+00	0.000000e+00	5.000000e+00
3.369586809778004e-08	5.000000e+00	5.210965e+00	0.000000e+00	5.000000e+00
3.373493059778004e-08	5.000000e+00	5.210967e+00	0.000000e+00	5.000000e+00
3.377399309778004e-08	5.000000e+00	5.210965e+00	0.000000e+00	5.000000e+00
3.381305559778004e-08	5.000000e+00	5.210967e+00	0.000000e+00	5.000000e+00
3.385211809778004e-08	5.000000e+00	5.210965e+00	0.000000e+00	5.000000e+00
3.389118059778004e-08	5.000000e+00	5.210967e+00	0.000000e+00	5.000000e+00
3.393024309778004e-08	5.000000e+00	5.210965e+00	0.000000e+00	5.000000e+00
3.396930559778004e-08	5.000000e+00	5.210967e+00	0.000000e+00	5.000000e+00
3.400836809778004e-08	5.000000e+00	5.210965e+00	0.000000e+00	5.000000e+00
3.404743059778004e-08	5.000000e+00	5.210967e+00	0.000000e+00	5.000000e+00
3.408649309778004e-08	5.000000e+00	5.210965e+00	0.000000e+00	5.000000e+00
3.412555559778004e-08	5.000000e+00	5.210967e+00	0.000000e+00	5.000000e+00
3.416461809778004e-08	5.000000e+00	5.210965e+00	0.000000e+00	5.000000e+00
3.420368059778004e-08	5.000000e+00	5.210966e+00	0.000000e+00	5.000000e+00
3.424274309778004e-08	5.000000e+00	5.210965e+00	0.000000e+00	5.000000e+00
3.428180559778004e-08	5.000000e+00	5.210966e+00	0.000000e+00	5.000000e+00
3.432086809778004e-08	5.000000e+00	5.210965e+00	0.000000e+00	5.000000e+00
3.435993059778004e-08	5.000000e+00	5.210966e+00	0.000000e+00	5.000000e+00
3.439899309778004e-08	5.000000e+00	5.210965e+00	0.000000e+00	5.000000e+00
3.443805559778004e-08	5.000000e+00	5.210966e+00	0.000000e+00	5.000000e+00
3.447711809778004e-08	5.000000e+00	5.210965e+00	0.000000e+00	5.000000e+00
3.451618059778004e-08	5.000000e+00	5.210966e+00	0.000000e+00	5.000000e+00
3.455524309778004e-08	5.000000e+00	5.210964e+00	0.000000e+00	5.000000e+00
3.459430559778004e-08	5.000000e+00	5.210966e+00	0.000000e+00	5.000000e+00
3.463336809778004e-08	5.000000e+00	5.210964e+00	0.000000e+00	5.000000e+00
3.467243059778004e-08	5.000000e+00	5.210966e+00	0.000000e+00	5.000000e+00
3.471149309778003e-08	5.000000e+00	5.210964e+00	0.000000e+00	5.000000e+00
3.475055559778003e-08	5.000000e+00	5.210966e+00	0.000000e+00	5.000000e+00
3.478961809778003e-08	5.000000e+00	5.210964e+00	0.000000e+00	5.000000e+00
3.482868059778003e-08	5.000000e+00	5.210966e+00	0.000000e+00	5.000000e+00
3.486774309778003e-08	5.000000e+00	5.210964e+00	0.000000e+00	5.000000e+00
3.490680559778003e-08	5.000000e+00	5.210966e+00	0.000000e+00	5.000000e+00
3.494586809778003e-08	5.000000e+00	5.210964e+00	0.000000e+00	5.000000e+00
3.498493059778003e-08	5.000000e+00	5.210965e+00	0.000000e+00	5.000000e+00
3.502399309778003e-08	5.000000e+00	5.210964e+00	0.000000e+00	5.000000e+00
3.506305559778003e-08	5.000000e+00	5.210965e+00	0.000000e+00	5.000000e+00
3.510211809778003e-08	5.000000e+00	5.210964e+00	0.000000e+00	5.000000e+00
3.514118059778003e-08	5.000000e+00	5.210965e+00	0.000000e+00	5.000000e+00
3.518024309778003e-08	5.000000e+00	5.210964e+00	0.000000e+00	5.000000e+00
3.521930559778003e-08	5.000000e+00	5.210965e+00	0.000000e+00	5.000000e+00
3.525836809778003e-08	5.000000e+00	5.210964e+00	0.000000e+00	5.000000e+00
3.529743059778003e-08	5.000000e+00	5.210965e+00	0.000000e+00	5.000000e+00
3.533649309778003e-08	5.000000e+00	5.210964e+00	0.000000e+00	5.000000e+00
3.537555559778003e-08	5.000000e+00	5.210965e+00	0.000000e+00	5.000000e+00
3.541461809778003e-08	5.000000e+00	5.210964e+00	0.000000e+00	5.000000e+00
3.545368059778003e-08	5.000000e+00	5.210965e+00	0.000000e+00	5.000000e+00
3.549274309778003e-08	5.000000e+00	5.210963e+00	0.000000e+00	5.000000e+00
3.553180559778003e-08	5.000000e+00	5.210965e+00	0.000000e+00	5.000000e+00
3.557086809778003e-08	5.000000e+00	5.210963e+00	0.000000e+00	5.000000e+00
3.560993059778003e-08	5.000000e+00	5.210965e+00	0.000000e+00	5.000000e+00
3.564899309778003e-08	5.000000e+00	5.210963e+00	0.000000e+00	5.000000e+00
3.568805559778003e-08	5.000000e+00	5.210965e+00	0.000000e+00	5.000000e+00
3.572711809778003e-08	5.000000e+00	5.210963e+00	0.000000e+00	5.000000e+00
3.576618059778002e-08	5.000000e+00	5.210965e+00	0.000000e+00	5.000000e+00
3.580524309778002e-08	5.000000e+00	5.210963e+00	0.000000e+00	5.000000e+00
3.584430559778002e-08	5.000000e+00	5.210964e+00	0.000000e+00	5.000000e+00
3.588336809778002e-08	5.000000e+00	5.210963e+00	0.000000e+00	5.000000e+00
3.592243059778002e-08	5.000000e+00	5.210964e+00	0.000000e+00	5.000000e+00
3.596149309778002e-08	5.000000e+00	5.210963e+00	0.000000e+00	5.000000e+00
3.600055559778002e-08	5.000000e+00	5.210964e+00	0.000000e+00	5.000000e+00
3.603961809778002e-08	5.000000e+00	5.210963e+00	0.000000e+00	5.000000e+00
3.607868059778002e-08	5.000000e+00	5.210964e+00	0.000000e+00	5.000000e+00
3.611774309778002e-08	5.000000e+00	5.210963e+00	0.000000e+00	5.000000e+00
3.615680559778002e-08	5.000000e+00	5.210964e+00	0.000000e+00	5.000000e+00
3.619586809778002e-08	5.000000e+00	5.210963e+00	0.000000e+00	5.000000e+00
3.623493059778002e-08	5.000000e+00	5.210964e+00	0.000000e+00	5.000000e+00
3.627399309778002e-08	5.000000e+00	5.210963e+00	0.000000e+00	5.000000e+00
3.631305559778002e-08	5.000000e+00	5.210964e+00	0.000000e+00	5.000000e+00
3.635211809778002e-08	5.000000e+00	5.210962e+00	0.000000e+00	5.000000e+00
3.639118059778002e-08	5.000000e+00	5.210964e+00	0.000000e+00	5.000000e+00
3.643024309778002e-08	5.000000e+00	5.210962e+00	0.000000e+00	5.000000e+00
3.646930559778002e-08	5.000000e+00	5.210964e+00	0.000000e+00	5.000000e+00
3.650836809778002e-08	5.000000e+00	5.210962e+00	0.000000e+00	5.000000e+00
3.654743059778002e-08	5.000000e+00	5.210964e+00	0.000000e+00	5.000000e+00
3.658649309778002e-08	5.000000e+00	5.210962e+00	0.000000e+00	5.000000e+00
3.662555559778002e-08	5.000000e+00	5.210963e+00	0.000000e+00	5.000000e+00
3.666461809778002e-08	5.000000e+00	5.210962e+00	0.000000e+00	5.000000e+00
3.670368059778002e-08	5.000000e+00	5.210963e+00	0.000000e+00	5.000000e+00
3.674274309778002e-08	5.000000e+00	5.210962e+00	0.000000e+00	5.000000e+00
3.678180559778001e-08	5.000000e+00	5.210963e+00	0.000000e+00	5.000000e+00
3.682086809778001e-08	5.000000e+00	5.210962e+00	0.000000e+00	5.000000e+00
3.685993059778001e-08	5.000000e+00	5.210963e+00	0.000000e+00	5.000000e+00
3.689899309778001e-08	5.000000e+00	5.210962e+00	0.000000e+00	5.000000e+00
3.690000000000001e-08	5.000000e+00	5.210963e+00	2.273737e-13	5.000000e+00
3.690010069022201e-08	5.000000e+00	5.211142e+00	5.034511e-03	5.000000e+00
3.690030207066600e-08	5.000000e+00	5.211567e+00	1.510353e-02	5.000000e+00
3.690070483155400e-08	5.000000e+00	5.212461e+00	3.524158e-02	5.000000e+00
3.690151035333000e-08	5.000000e+00	5.214216e+00	7.551767e-02	5.000000e+00
3.690312139688198e-08	5.000000e+00	5.217753e+00	1.560698e-01	5.000000e+00
3.690634348398596e-08	5.000000e+00	5.224803e+00	3.171742e-01	5.000000e+00
3.691278765819391e-08	5.000000e+00	5.238926e+00	6.393829e-01	5.000000e+00
3.692567600660981e-08	5.000000e+00	5.267147e+00	1.283800e+00	5.000000e+00
3.695145270344162e-08	5.000000e+00	5.323604e+00	2.572635e+00	5.000000e+00
3.699051520344162e-08	5.000000e+00	5.409077e+00	4.525760e+00	5.000000e+00
3.700000000000000e-08	5.000000e+00	5.429826e+00	5.000000e+00	5.000000e+00
3.700094847965584e-08	5.000000e+00	5.425127e+00	5.000000e+00	4.952576e+00
3.700284543896752e-08	5.000000e+00	5.415504e+00	5.000000e+00	4.857728e+00
3.700663935759087e-08	5.000000e+00	5.396185e+00	5.000000e+00	4.668032e+00
3.701422719483758e-08	5.000000e+00	5.344625e+00	5.000000e+00	4.288640e+00
3.702940286933099e-08	5.000000e+00	5.208827e+00	5.000000e+00	3.529856e+00
3.704860027814325e-08	5.000000e+00	5.030041e+00	5.000000e+00	2.569986e+00
3.708699509576777e-08	5.000000e+00	4.840568e+00	5.000000e+00	6.502452e-01
3.710000000000000e-08	5.000000e+00	4.825558e+00	5.000000e+00	0.000000e+00
3.710130049042322e-08	5.000000e+00	4.833632e+00	5.000000e+00	0.000000e+00
3.710390147126967e-08	5.000000e+00	4.849535e+00	5.000000e+00	0.000000e+00
3.710910343296256e-08	5.000000e+00	4.877080e+00	5.000000e+00	0.000000e+00
3.711950735634834e-08	5.000000e+00	4.918386e+00	5.000000e+00	0.000000e+00
3.714031520311992e-08	5.000000e+00	4.965487e+00	5.000000e+00	0.000000e+00
3.717937770311991e-08	5.000000e+00	4.995371e+00	5.000000e+00	0.000000e+00
3.721844020311991e-08	5.000000e+00	4.999393e+00	5.000000e+00	0.000000e+00
3.725750270311991e-08	5.000000e+00	4.999912e+00	5.000000e+00	0.000000e+00
3.729656520311991e-08	5.000000e+00	4.999996e+00	5.000000e+00	0.000000e+00
3.733562770311991e-08	5.000000e+00	4.999992e+00	5.000000e+00	0.000000e+00
3.737469020311991e-08	5.000000e+00	5.000006e+00	5.000000e+00	0.000000e+00
3.741375270311991e-08	5.000000e+00	4.999994e+00	5.000000e+00	0.000000e+00
3.745281520311991e-08	5.000000e+00	5.000006e+00	5.000000e+00	0.000000e+00
3.749187770311991e-08	5.000000e+00	4.999994e+00	5.000000e+00	0.000000e+00
3.753094020311991e-08	5.000000e+00	5.000006e+00	5.000000e+00	0.000000e+00
3.757000270311991e-08	5.000000e+00	4.999994e+00	5.000000e+00	0.000000e+00
3.760906520311991e-08	5.000000e+00	5.000006e+00	5.000000e+00	0.000000e+00
3.764812770311991e-08	5.000000e+00	4.999994e+00	5.000000e+00	0.000000e+00
3.768719020311991e-08	5.000000e+00	5.000006e+00	5.000000e+00	0.000000e+00
3.772625270311991e-08	5.000000e+00	4.999994e+00	5.000000e+00	0.000000e+00
3.776531520311991e-08	5.000000e+00	5.000006e+00	5.000000e+00	0.000000e+00
3.780437770311991e-08	5.000000e+00	4.999994e+00	5.000000e+00	0.000000e+00
3.784344020311991e-08	5.000000e+00	5.000006e+00	5.000000e+00	0.000000e+00
3.788250270311991e-08	5.000000e+00	4.999994e+00	5.000000e+00	0.000000e+00
3.792156520311991e-08	5.000000e+00	5.000006e+00	5.000000e+00	0.000000e+00
3.796062770311991e-08	5.000000e+00	4.999994e+00	5.000000e+00	0.000000e+00
3.799969020311991e-08	5.000000e+00	5.000006e+00	5.000000e+00	0.000000e+00
3.803875270311991e-08	5.000000e+00	4.999994e+00	5.000000e+00	0.000000e+00
3.807781520311991e-08	5.000000e+00	5.000006e+00	5.000000e+00	0.000000e+00
3.811687770311991e-08	5.000000e+00	4.999994e+00	5.000000e+00	0.000000e+00
3.815594020311991e-08	5.000000e+00	5.000006e+00	5.000000e+00	0.000000e+00
3.819500270311991e-08	5.000000e+00	4.999994e+00	5.000000e+00	0.000000e+00
3.823406520311990e-08	5.000000e+00	5.000006e+00	5.000000e+00	0.000000e+00
3.827312770311990e-08	5.000000e+00	4.999994e+00	5.000000e+00	0.000000e+00
3.831219020311990e-08	5.000000e+00	5.000006e+00	5.000000e+00	0.000000e+00
3.835125270311990e-08	5.000000e+00	4.999994e+00	5.000000e+00	0.000000e+00
3.839031520311990e-08	5.000000e+00	5.000006e+00	5.000000e+00	0.000000e+00
3.842937770311990e-08	5.000000e+00	4.999994e+00	5.000000e+00	0.000000e+00
3.846844020311990e-08	5.000000e+00	5.000006e+00	5.000000e+00	0.000000e+00
3.850750270311990e-08	5.000000e+00	4.999994e+00	5.000000e+00	0.000000e+00
3.854656520311990e-08	5.000000e+00	5.000006e+00	5.000000e+00	0.000000e+00
3.858562770311990e-08	5.000000e+00	4.999994e+00	5.000000e+00	0.000000e+00
3.862469020311990e-08	5.000000e+00	5.000006e+00	5.000000e+00	0.000000e+00
3.866375270311990e-08	5.000000e+00	4.999994e+00	5.000000e+00	0.000000e+00
3.870281520311990e-08	5.000000e+00	5.000006e+00	5.000000e+00	0.000000e+00
3.874187770311990e-08	5.000000e+00	4.999994e+00	5.000000e+00	0.000000e+00
3.878094020311990e-08	5.000000e+00	5.000006e+00	5.000000e+00	0.000000e+00
3.882000270311990e-08	5.000000e+00	4.999994e+00	5.000000e+00	0.000000e+00
3.885906520311990e-08	5.000000e+00	5.000006e+00	5.000000e+00	0.000000e+00
3.889812770311990e-08	5.000000e+00	4.999994e+00	5.000000e+00	0.000000e+00
3.893719020311990e-08	5.000000e+00	5.000006e+00	5.000000e+00	0.000000e+00
3.897625270311990e-08	5.000000e+00	4.999994e+00	5.000000e+00	0.000000e+00
3.901531520311990e-08	5.000000e+00	5.000005e+00	5.000000e+00	0.000000e+00
3.905437770311990e-08	5.000000e+00	4.999994e+00	5.000000e+00	0.000000e+00
3.909344020311990e-08	5.000000e+00	5.000005e+00	5.000000e+00	0.000000e+00
3.913250270311990e-08	5.000000e+00	4.999994e+00	5.000000e+00	0.000000e+00
3.917156520311990e-08	5.000000e+00	5.000005e+00	5.000000e+00	0.000000e+00
3.921062770311990e-08	5.000000e+00	4.999995e+00	5.000000e+00	0.000000e+00
3.924969020311989e-08	5.000000e+00	5.000005e+00	5.000000e+00	0.000000e+00
3.928875270311989e-08	5.000000e+00	4.999995e+00	5.000000e+00	0.000000e+00
3.932781520311989e-08	5.000000e+00	5.000005e+00	5.000000e+00	0.000000e+00
3.936687770311989e-08	5.000000e+00	4.999995e+00	5.000000e+00	0.000000e+00
3.940594020311989e-08	5.000000e+00	5.000005e+00	5.000000e+00	0.000000e+00
3.944500270311989e-08	5.000000e+00	4.999995e+00	5.000000e+00	0.000000e+00
3.948406520311989e-08	5.000000e+00	5.000005e+00	5.000000e+00	0.000000e+00
3.952312770311989e-08	5.000000e+00	4.999995e+00	5.000000e+00	0.000000e+00
3.956219020311989e-08	5.000000e+00	5.000005e+00	5.000000e+00	0.000000e+00
3.960125270311989e-08	5.000000e+00	4.999995e+00	5.000000e+00	0.000000e+00
3.964031520311989e-08	5.000000e+00	5.000005e+00	5.000000e+00	0.000000e+00
3.967937770311989e-08	5.000000e+00	4.999995e+00	5.000000e+00	0.000000e+00
3.971844020311989e-08	5.000000e+00	5.000005e+00	5.000000e+00	0.000000e+00
3.975750270311989e-08	5.000000e+00	4.999995e+00	5.000000e+00	0.000000e+00
3.979656520311989e-08	5.000000e+00	5.000005e+00	5.000000e+00	0.000000e+00
3.983562770311989e-08	5.000000e+00	4.999995e+00	5.000000e+00	0.000000e+00
3.987469020311989e-08	5.000000e+00	5.000005e+00	5.000000e+00	0.000000e+00
3.991375270311989e-08	5.000000e+00	4.999995e+00	5.000000e+00	0.000000e+00
3.995281520311989e-08	5.000000e+00	5.000005e+00	5.000000e+00	0.000000e+00
3.999187770311989e-08	5.000000e+00	4.999995e+00	5.000000e+00	0.000000e+00
4.000000000000000e-08	5.000000e+00	5.000005e+00	5.000000e+00	0.000000e+00
