time	V(clk)	V(ind)	V(outq)
0.000000000000000e+00	0.000000e+00	0.000000e+00	5.000000e+00
3.800000000000000e-09	0.000000e+00	0.000000e+00	5.000000e+00
3.803250831178426e-09	0.000000e+00	1.625416e-01	5.000000e+00
3.809752493535278e-09	0.000000e+00	4.876247e-01	5.000000e+00
3.822755818248982e-09	0.000000e+00	1.137791e+00	5.000000e+00
3.840792682090373e-09	0.000000e+00	2.039634e+00	5.000000e+00
3.864157353760596e-09	0.000000e+00	3.207868e+00	5.000000e+00
3.887036179497403e-09	0.000000e+00	4.351809e+00	4.999999e+00
3.900000000000000e-09	0.000000e+00	5.000000e+00	4.999999e+00
3.901296382050260e-09	0.000000e+00	5.000000e+00	4.999999e+00
3.903889146150780e-09	0.000000e+00	5.000000e+00	4.999999e+00
3.909074674351819e-09	0.000000e+00	5.000000e+00	4.999998e+00
3.919445730753896e-09	0.000000e+00	5.000000e+00	4.999997e+00
3.936194705368135e-09	0.000000e+00	5.000000e+00	4.999998e+00
3.969359717723199e-09	0.000000e+00	5.000000e+00	5.000001e+00
4.000000000000000e-09	0.000000e+00	5.000000e+00	5.000003e+00
4.000608070757325e-09	3.040354e-02	5.000000e+00	5.000021e+00
4.001824212271973e-09	9.121061e-02	5.000000e+00	5.000074e+00
4.004256495301271e-09	2.128248e-01	5.000000e+00	5.000189e+00
4.009121061359866e-09	4.560531e-01	5.000000e+00	5.000356e+00
4.018850193477057e-09	9.425097e-01	5.000000e+00	5.000544e+00
4.035509557427537e-09	1.775478e+00	5.000000e+00	5.000230e+00
4.058897213287584e-09	2.944861e+00	5.000000e+00	4.999049e+00
4.083081454583271e-09	4.154073e+00	5.000000e+00	4.997339e+00
4.100000000000000e-09	5.000000e+00	5.000000e+00	4.995825e+00
4.101691854541674e-09	5.000000e+00	5.000000e+00	4.995676e+00
4.105075563625019e-09	5.000000e+00	5.000000e+00	4.995468e+00
4.111842981791711e-09	5.000000e+00	5.000000e+00	4.995631e+00
4.125377818125095e-09	5.000000e+00	5.000000e+00	4.997785e+00
4.152447490791862e-09	5.000000e+00	5.000000e+00	5.006114e+00
4.191509990791862e-09	5.000000e+00	5.000000e+00	5.021663e+00
4.230572490791861e-09	5.000000e+00	5.000000e+00	5.039753e+00
4.266469074504134e-09	5.000000e+00	5.000000e+00	5.017183e+00
4.295969818122111e-09	5.000000e+00	5.000000e+00	4.933227e+00
4.329949475197949e-09	5.000000e+00	5.000000e+00	4.767800e+00
4.366578269395027e-09	5.000000e+00	5.000000e+00	4.511281e+00
4.405640769395027e-09	5.000000e+00	5.000000e+00	4.117339e+00
4.444703269395026e-09	5.000000e+00	5.000000e+00	3.544754e+00
4.483765769395026e-09	5.000000e+00	5.000000e+00	2.787900e+00
4.522828269395025e-09	5.000000e+00	5.000000e+00	1.913646e+00
4.561141488504983e-09	5.000000e+00	5.000000e+00	1.095295e+00
4.600203988504982e-09	5.000000e+00	5.000000e+00	5.353284e-01
4.633014877846278e-09	5.000000e+00	5.000000e+00	3.000217e-01
4.667646099915431e-09	5.000000e+00	5.000000e+00	1.549445e-01
4.704041195671696e-09	5.000000e+00	5.000000e+00	7.345730e-02
4.743103695671695e-09	5.000000e+00	5.000000e+00	3.309874e-02
4.782166195671695e-09	5.000000e+00	5.000000e+00	1.554711e-02
4.821228695671695e-09	5.000000e+00	5.000000e+00	8.400143e-03
4.860291195671694e-09	5.000000e+00	5.000000e+00	4.791334e-03
4.899353695671694e-09	5.000000e+00	5.000000e+00	3.333681e-03
4.938416195671694e-09	5.000000e+00	5.000000e+00	2.129996e-03
4.977478695671693e-09	5.000000e+00	5.000000e+00	1.740648e-03
5.016541195671693e-09	5.000000e+00	5.000000e+00	1.091108e-03
5.055603695671692e-09	5.000000e+00	5.000000e+00	1.004443e-03
5.094666195671692e-09	5.000000e+00	5.000000e+00	5.659428e-04
5.133728695671692e-09	5.000000e+00	5.000000e+00	6.078607e-04
5.172791195671691e-09	5.000000e+00	5.000000e+00	2.786084e-04
5.211853695671691e-09	5.000000e+00	5.000000e+00	3.843063e-04
5.250916195671691e-09	5.000000e+00	5.000000e+00	1.187119e-04
5.289978695671690e-09	5.000000e+00	5.000000e+00	2.561325e-04
5.329041195671690e-09	5.000000e+00	5.000000e+00	2.999797e-05
5.368103695671689e-09	5.000000e+00	5.000000e+00	1.818204e-04
5.407166195671689e-09	5.000000e+00	5.000000e+00	-1.859020e-05
5.446228695671689e-09	5.000000e+00	5.000000e+00	1.385428e-04
5.485291195671688e-09	5.000000e+00	5.000000e+00	-4.499933e-05
5.524353695671688e-09	5.000000e+00	5.000000e+00	1.120538e-04
5.563416195671688e-09	5.000000e+00	5.000000e+00	-5.843687e-05
5.602478695671687e-09	5.000000e+00	5.000000e+00	9.565490e-05
5.641541195671687e-09	5.000000e+00	5.000000e+00	-6.451036e-05
5.680603695671686e-09	5.000000e+00	5.000000e+00	8.492455e-05
5.719666195671686e-09	5.000000e+00	5.000000e+00	-6.560649e-05
5.758728695671686e-09	5.000000e+00	5.000000e+00	7.867255e-05
5.797791195671685e-09	5.000000e+00	5.000000e+00	-6.496520e-05
5.836853695671685e-09	5.000000e+00	5.000000e+00	7.324997e-05
5.875916195671685e-09	5.000000e+00	5.000000e+00	-6.351909e-05
5.914978695671684e-09	5.000000e+00	5.000000e+00	6.979562e-05
5.954041195671684e-09	5.000000e+00	5.000000e+00	-6.021916e-05
5.993103695671683e-09	5.000000e+00	5.000000e+00	6.639787e-05
6.032166195671683e-09	5.000000e+00	5.000000e+00	-5.782702e-05
6.071228695671683e-09	5.000000e+00	5.000000e+00	6.308803e-05
6.110291195671682e-09	5.000000e+00	5.000000e+00	-5.545993e-05
6.149353695671682e-09	5.000000e+00	5.000000e+00	6.003402e-05
6.188416195671682e-09	5.000000e+00	5.000000e+00	-5.309318e-05
6.227478695671681e-09	5.000000e+00	5.000000e+00	5.719814e-05
6.266541195671681e-09	5.000000e+00	5.000000e+00	-5.076933e-05
6.305603695671680e-09	5.000000e+00	5.000000e+00	5.453520e-05
6.344666195671680e-09	5.000000e+00	5.000000e+00	-4.851232e-05
6.383728695671680e-09	5.000000e+00	5.000000e+00	5.201799e-05
6.422791195671679e-09	5.000000e+00	5.000000e+00	-4.633377e-05
6.461853695671679e-09	5.000000e+00	5.000000e+00	4.962899e-05
6.500916195671679e-09	5.000000e+00	5.000000e+00	-4.423921e-05
6.539978695671678e-09	5.000000e+00	5.000000e+00	4.735562e-05
6.579041195671678e-09	5.000000e+00	5.000000e+00	-4.223048e-05
6.618103695671677e-09	5.000000e+00	5.000000e+00	4.518868e-05
6.657166195671677e-09	5.000000e+00	5.000000e+00	-4.030695e-05
6.696228695671677e-09	5.000000e+00	5.000000e+00	4.312113e-05
6.735291195671676e-09	5.000000e+00	5.000000e+00	-3.846663e-05
6.774353695671676e-09	5.000000e+00	5.000000e+00	4.114722e-05
6.813416195671676e-09	5.000000e+00	5.000000e+00	-3.670685e-05
6.852478695671675e-09	5.000000e+00	5.000000e+00	3.926203e-05
6.891541195671675e-09	5.000000e+00	5.000000e+00	-3.502458e-05
6.930603695671674e-09	5.000000e+00	5.000000e+00	3.746120e-05
6.969666195671674e-09	5.000000e+00	5.000000e+00	-3.341669e-05
7.008728695671674e-09	5.000000e+00	5.000000e+00	3.574072e-05
7.047791195671673e-09	5.000000e+00	5.000000e+00	-3.188004e-05
7.086853695671673e-09	5.000000e+00	5.000000e+00	3.409686e-05
7.125916195671673e-09	5.000000e+00	5.000000e+00	-3.041155e-05
7.164978695671672e-09	5.000000e+00	5.000000e+00	3.252612e-05
7.204041195671672e-09	5.000000e+00	5.000000e+00	-2.900823e-05
7.243103695671671e-09	5.000000e+00	5.000000e+00	3.102521e-05
7.282166195671671e-09	5.000000e+00	5.000000e+00	-2.766721e-05
7.321228695671671e-09	5.000000e+00	5.000000e+00	2.959098e-05
7.360291195671670e-09	5.000000e+00	5.000000e+00	-2.638573e-05
7.399353695671670e-09	5.000000e+00	5.000000e+00	2.822043e-05
7.438416195671670e-09	5.000000e+00	5.000000e+00	-2.516113e-05
7.477478695671670e-09	5.000000e+00	5.000000e+00	2.691072e-05
7.516541195671670e-09	5.000000e+00	5.000000e+00	-2.399087e-05
7.555603695671669e-09	5.000000e+00	5.000000e+00	2.565913e-05
7.594666195671669e-09	5.000000e+00	5.000000e+00	-2.287254e-05
7.633728695671669e-09	5.000000e+00	5.000000e+00	2.446305e-05
7.672791195671668e-09	5.000000e+00	5.000000e+00	-2.180381e-05
7.711853695671668e-09	5.000000e+00	5.000000e+00	2.332002e-05
7.750916195671667e-09	5.000000e+00	5.000000e+00	-2.078248e-05
7.789978695671667e-09	5.000000e+00	5.000000e+00	2.222766e-05
7.829041195671667e-09	5.000000e+00	5.000000e+00	-1.980656e-05
7.868103695671666e-09	5.000000e+00	5.000000e+00	2.118370e-05
7.907166195671666e-09	5.000000e+00	5.000000e+00	-1.887390e-05
7.946228695671666e-09	5.000000e+00	5.000000e+00	2.018600e-05
7.985291195671665e-09	5.000000e+00	5.000000e+00	-1.798252e-05
8.024353695671665e-09	5.000000e+00	5.000000e+00	1.923252e-05
8.063416195671664e-09	5.000000e+00	5.000000e+00	-1.713017e-05
8.102478695671664e-09	5.000000e+00	5.000000e+00	1.832176e-05
8.141541195671664e-09	5.000000e+00	5.000000e+00	-1.631605e-05
8.180603695671663e-09	5.000000e+00	5.000000e+00	1.745057e-05
8.219666195671663e-09	5.000000e+00	5.000000e+00	-1.553813e-05
8.258728695671663e-09	5.000000e+00	5.000000e+00	1.661798e-05
8.297791195671662e-09	5.000000e+00	5.000000e+00	-1.479453e-05
8.336853695671662e-09	5.000000e+00	5.000000e+00	1.582174e-05
8.375916195671661e-09	5.000000e+00	5.000000e+00	-1.408439e-05
8.414978695671661e-09	5.000000e+00	5.000000e+00	1.506123e-05
8.454041195671661e-09	5.000000e+00	5.000000e+00	-1.340486e-05
8.493103695671660e-09	5.000000e+00	5.000000e+00	1.433448e-05
8.532166195671660e-09	5.000000e+00	5.000000e+00	-1.275533e-05
8.571228695671660e-09	5.000000e+00	5.000000e+00	1.363975e-05
8.610291195671659e-09	5.000000e+00	5.000000e+00	-1.213452e-05
8.649353695671659e-09	5.000000e+00	5.000000e+00	1.297575e-05
8.688416195671658e-09	5.000000e+00	5.000000e+00	-1.154102e-05
8.727478695671658e-09	5.000000e+00	5.000000e+00	1.234106e-05
8.766541195671658e-09	5.000000e+00	5.000000e+00	-1.097382e-05
8.805603695671657e-09	5.000000e+00	5.000000e+00	1.173430e-05
8.844666195671657e-09	5.000000e+00	5.000000e+00	-1.043171e-05
8.883728695671657e-09	5.000000e+00	5.000000e+00	1.115419e-05
8.900000000000000e-09	5.000000e+00	5.000000e+00	-9.443956e-06
8.901627130432834e-09	5.000000e+00	4.918643e+00	-7.283968e-07
8.904881391298503e-09	5.000000e+00	4.755930e+00	1.549693e-06
8.911389913029840e-09	5.000000e+00	4.430504e+00	-5.207073e-07
8.923962682204178e-09	5.000000e+00	3.801866e+00	1.135722e-06
8.935917413844507e-09	5.000000e+00	3.204129e+00	-2.776653e-07
8.953693598557179e-09	5.000000e+00	2.315320e+00	1.557903e-06
8.976520697148915e-09	5.000000e+00	1.173965e+00	5.119688e-07
9.000000000000000e-09	5.000000e+00	3.907985e-14	2.079981e-06
9.002347930285107e-09	5.000000e+00	0.000000e+00	1.437012e-06
9.007043790855325e-09	5.000000e+00	0.000000e+00	1.242660e-06
9.016435511995759e-09	5.000000e+00	0.000000e+00	7.604676e-07
9.032394860440007e-09	5.000000e+00	0.000000e+00	-7.712609e-07
9.055122294900324e-09	5.000000e+00	0.000000e+00	-2.027158e-06
9.087989965369212e-09	5.000000e+00	0.000000e+00	-1.799379e-06
9.100000000000000e-09	5.000000e+00	0.000000e+00	-1.194980e-06
9.101201003463079e-09	4.939950e+00	0.000000e+00	-2.530340e-05
9.103603010389237e-09	4.819849e+00	0.000000e+00	-7.876099e-05
9.108407024241552e-09	4.579649e+00	0.000000e+00	-1.674179e-04
9.117550906278289e-09	4.122455e+00	0.000000e+00	-2.777400e-04
9.133031539560884e-09	3.348423e+00	0.000000e+00	-7.881083e-05
9.148733224957216e-09	2.563339e+00	0.000000e+00	6.436239e-04
9.169189633177415e-09	1.540518e+00	0.000000e+00	2.030961e-03
9.200000000000000e-09	3.907985e-14	0.000000e+00	4.856167e-03
9.200608070757324e-09	0.000000e+00	0.000000e+00	4.926647e-03
9.201824212271973e-09	0.000000e+00	0.000000e+00	5.071627e-03
9.204256495301272e-09	0.000000e+00	0.000000e+00	5.339661e-03
9.209121061359870e-09	0.000000e+00	0.000000e+00	5.744926e-03
9.218758466081886e-09	0.000000e+00	0.000000e+00	6.137854e-03
9.238033275525920e-09	0.000000e+00	0.000000e+00	5.667557e-03
9.265203393627317e-09	0.000000e+00	0.000000e+00	3.616943e-03
9.294664248289555e-09	0.000000e+00	0.000000e+00	1.630703e-04
9.333726748289555e-09	0.000000e+00	0.000000e+00	-4.221711e-03
9.372585302193358e-09	0.000000e+00	0.000000e+00	-6.112648e-03
9.411647802193357e-09	0.000000e+00	0.000000e+00	-5.672472e-03
9.443527242514069e-09	0.000000e+00	0.000000e+00	-3.699807e-03
9.477458217393330e-09	0.000000e+00	0.000000e+00	-1.468374e-03
9.507591975378367e-09	0.000000e+00	0.000000e+00	-1.381543e-04
9.541805908762329e-09	0.000000e+00	0.000000e+00	6.475182e-04
9.580785452101118e-09	0.000000e+00	0.000000e+00	9.491781e-04
9.619847952101118e-09	0.000000e+00	0.000000e+00	9.410015e-04
9.658910452101118e-09	0.000000e+00	0.000000e+00	8.066925e-04
9.697972952101117e-09	0.000000e+00	0.000000e+00	6.550561e-04
9.737035452101117e-09	0.000000e+00	0.000000e+00	5.101638e-04
9.776097952101116e-09	0.000000e+00	0.000000e+00	3.957957e-04
9.815160452101116e-09	0.000000e+00	0.000000e+00	2.996016e-04
9.854222952101116e-09	0.000000e+00	0.000000e+00	2.303296e-04
9.893285452101115e-09	0.000000e+00	0.000000e+00	1.721486e-04
9.932347952101115e-09	0.000000e+00	0.000000e+00	1.327812e-04
9.971410452101115e-09	0.000000e+00	0.000000e+00	9.813718e-05
1.001047295210111e-08	0.000000e+00	0.000000e+00	7.650282e-05
1.004953545210111e-08	0.000000e+00	0.000000e+00	5.565775e-05
1.008859795210111e-08	0.000000e+00	0.000000e+00	4.421638e-05
1.012766045210111e-08	0.000000e+00	0.000000e+00	3.137707e-05
1.016672295210111e-08	0.000000e+00	0.000000e+00	2.571902e-05
1.020578545210111e-08	0.000000e+00	0.000000e+00	1.752192e-05
1.024484795210111e-08	0.000000e+00	0.000000e+00	1.511440e-05
1.028391045210111e-08	0.000000e+00	0.000000e+00	9.628904e-06
1.032297295210111e-08	0.000000e+00	0.000000e+00	9.024217e-06
1.036203545210111e-08	0.000000e+00	0.000000e+00	5.142379e-06
1.040109795210111e-08	0.000000e+00	0.000000e+00	5.516822e-06
1.044016045210111e-08	0.000000e+00	0.000000e+00	2.602257e-06
1.047922295210111e-08	0.000000e+00	0.000000e+00	3.536110e-06
1.051828545210111e-08	0.000000e+00	0.000000e+00	1.237615e-06
1.055734795210111e-08	0.000000e+00	0.000000e+00	2.357843e-06
1.059641045210111e-08	0.000000e+00	0.000000e+00	4.291872e-07
1.063547295210111e-08	0.000000e+00	0.000000e+00	1.645888e-06
1.067453545210111e-08	0.000000e+00	0.000000e+00	-1.802425e-08
1.071359795210111e-08	0.000000e+00	0.000000e+00	1.216429e-06
1.075266045210111e-08	0.000000e+00	0.000000e+00	-2.547994e-07
1.079172295210111e-08	0.000000e+00	0.000000e+00	9.571348e-07
1.083078545210111e-08	0.000000e+00	0.000000e+00	-3.740751e-07
1.086984795210111e-08	0.000000e+00	0.000000e+00	7.861869e-07
1.090891045210111e-08	0.000000e+00	0.000000e+00	-4.199975e-07
1.094797295210111e-08	0.000000e+00	0.000000e+00	6.754353e-07
1.098703545210110e-08	0.000000e+00	0.000000e+00	-4.293767e-07
1.102609795210110e-08	0.000000e+00	0.000000e+00	5.946498e-07
1.106516045210110e-08	0.000000e+00	0.000000e+00	-4.196893e-07
1.110422295210110e-08	0.000000e+00	0.000000e+00	5.318391e-07
1.114328545210110e-08	0.000000e+00	0.000000e+00	-4.000091e-07
1.118234795210110e-08	0.000000e+00	0.000000e+00	4.808977e-07
1.122141045210110e-08	0.000000e+00	0.000000e+00	-3.748052e-07
1.126047295210110e-08	0.000000e+00	0.000000e+00	4.369815e-07
1.129953545210110e-08	0.000000e+00	0.000000e+00	-3.476413e-07
1.133859795210110e-08	0.000000e+00	0.000000e+00	3.980063e-07
1.137766045210110e-08	0.000000e+00	0.000000e+00	-3.198024e-07
1.141672295210110e-08	0.000000e+00	0.000000e+00	3.628202e-07
1.145578545210110e-08	0.000000e+00	0.000000e+00	-2.922306e-07
1.149484795210110e-08	0.000000e+00	0.000000e+00	3.304756e-07
1.153391045210110e-08	0.000000e+00	0.000000e+00	-2.654911e-07
1.157297295210110e-08	0.000000e+00	0.000000e+00	3.004408e-07
1.161203545210110e-08	0.000000e+00	0.000000e+00	-2.398545e-07
1.165109795210110e-08	0.000000e+00	0.000000e+00	2.723840e-07
1.169016045210110e-08	0.000000e+00	0.000000e+00	-2.154412e-07
1.172922295210110e-08	0.000000e+00	0.000000e+00	2.460831e-07
1.176828545210110e-08	0.000000e+00	0.000000e+00	-1.922893e-07
1.180734795210110e-08	0.000000e+00	0.000000e+00	2.213801e-07
1.184641045210110e-08	0.000000e+00	0.000000e+00	-1.703921e-07
1.188547295210110e-08	0.000000e+00	0.000000e+00	1.981542e-07
1.192453545210110e-08	0.000000e+00	0.000000e+00	-1.497187e-07
1.196359795210110e-08	0.000000e+00	0.000000e+00	1.763082e-07
1.200266045210110e-08	0.000000e+00	0.000000e+00	-1.302254e-07
1.204172295210109e-08	0.000000e+00	0.000000e+00	1.557589e-07
1.208078545210109e-08	0.000000e+00	0.000000e+00	-1.118628e-07
1.211984795210109e-08	0.000000e+00	0.000000e+00	1.364331e-07
1.215891045210109e-08	0.000000e+00	0.000000e+00	-9.457925e-08
1.219797295210109e-08	0.000000e+00	0.000000e+00	1.182639e-07
1.223703545210109e-08	0.000000e+00	0.000000e+00	-7.837467e-08
1.227609795210109e-08	0.000000e+00	0.000000e+00	1.011938e-07
1.231516045210109e-08	0.000000e+00	0.000000e+00	-6.313634e-08
1.235422295210109e-08	0.000000e+00	0.000000e+00	8.509216e-08
1.239328545210109e-08	0.000000e+00	0.000000e+00	-4.896402e-08
1.243234795210109e-08	0.000000e+00	0.000000e+00	6.997195e-08
1.247141045210109e-08	0.000000e+00	0.000000e+00	-3.556059e-08
1.251047295210109e-08	0.000000e+00	0.000000e+00	5.579253e-08
1.254953545210109e-08	0.000000e+00	0.000000e+00	-2.296255e-08
1.258859795210109e-08	0.000000e+00	0.000000e+00	4.252513e-08
1.262766045210109e-08	0.000000e+00	0.000000e+00	-1.113583e-08
1.266672295210109e-08	0.000000e+00	0.000000e+00	3.011290e-08
1.270578545210109e-08	0.000000e+00	0.000000e+00	-4.867945e-11
1.274484795210109e-08	0.000000e+00	0.000000e+00	1.850480e-08
1.278391045210109e-08	0.000000e+00	0.000000e+00	1.033234e-08
1.282297295210109e-08	0.000000e+00	0.000000e+00	7.833824e-09
1.286203545210109e-08	0.000000e+00	0.000000e+00	1.999233e-08
1.290109795210109e-08	0.000000e+00	0.000000e+00	-1.906014e-09
1.294016045210109e-08	0.000000e+00	0.000000e+00	2.978646e-08
1.297922295210109e-08	0.000000e+00	0.000000e+00	-1.033561e-08
1.301828545210109e-08	0.000000e+00	0.000000e+00	3.907125e-08
1.305734795210109e-08	0.000000e+00	0.000000e+00	-1.839078e-08
1.309641045210108e-08	0.000000e+00	0.000000e+00	4.767134e-08
1.313547295210108e-08	0.000000e+00	0.000000e+00	-2.590684e-08
1.317453545210108e-08	0.000000e+00	0.000000e+00	5.567430e-08
1.321359795210108e-08	0.000000e+00	0.000000e+00	-3.289603e-08
1.325266045210108e-08	0.000000e+00	0.000000e+00	6.311597e-08
1.329172295210108e-08	0.000000e+00	0.000000e+00	-3.938567e-08
1.333078545210108e-08	0.000000e+00	0.000000e+00	7.002599e-08
1.336984795210108e-08	0.000000e+00	0.000000e+00	-4.540283e-08
1.340891045210108e-08	0.000000e+00	0.000000e+00	7.643244e-08
1.344797295210108e-08	0.000000e+00	0.000000e+00	-5.097320e-08
1.348703545210108e-08	0.000000e+00	0.000000e+00	8.236209e-08
1.352609795210108e-08	0.000000e+00	0.000000e+00	-5.612106e-08
1.356516045210108e-08	0.000000e+00	0.000000e+00	8.784047e-08
1.360422295210108e-08	0.000000e+00	0.000000e+00	-6.086943e-08
1.364328545210108e-08	0.000000e+00	0.000000e+00	9.168348e-08
1.368234795210108e-08	0.000000e+00	0.000000e+00	-6.741958e-08
1.372141045210108e-08	0.000000e+00	0.000000e+00	9.614630e-08
1.376047295210108e-08	0.000000e+00	0.000000e+00	-6.992773e-08
1.379953545210108e-08	0.000000e+00	0.000000e+00	1.014595e-07
1.383859795210108e-08	0.000000e+00	0.000000e+00	-7.317642e-08
1.387766045210108e-08	0.000000e+00	0.000000e+00	1.055424e-07
1.391672295210108e-08	0.000000e+00	0.000000e+00	-7.642708e-08
1.395578545210108e-08	0.000000e+00	0.000000e+00	1.091753e-07
1.399484795210108e-08	0.000000e+00	0.000000e+00	-7.942757e-08
1.400000000000000e-08	0.000000e+00	0.000000e+00	1.203760e-07
1.400051520478989e-08	2.576024e-02	0.000000e+00	6.690985e-06
1.400154561436968e-08	7.728072e-02	0.000000e+00	2.654675e-05
1.400360643352925e-08	1.803217e-01	0.000000e+00	7.260149e-05
1.400772807184838e-08	3.864036e-01	0.000000e+00	1.435635e-04
1.401597134848666e-08	7.985674e-01	0.000000e+00	2.416682e-04
1.403245790176322e-08	1.622895e+00	0.000000e+00	1.732443e-04
1.405716783980159e-08	2.858392e+00	0.000000e+00	-4.024516e-04
1.408323334868019e-08	4.161667e+00	0.000000e+00	-1.341399e-03
1.410000000000000e-08	5.000000e+00	0.000000e+00	-2.294019e-03
1.410167666513198e-08	5.000000e+00	0.000000e+00	-2.473062e-03
1.410502999539595e-08	5.000000e+00	0.000000e+00	-2.829394e-03
1.411173665592387e-08	5.000000e+00	0.000000e+00	-3.388094e-03
1.412514997697972e-08	5.000000e+00	0.000000e+00	-3.911298e-03
1.415197661909142e-08	5.000000e+00	0.000000e+00	-3.469392e-03
1.419103911909142e-08	5.000000e+00	0.000000e+00	-9.731781e-04
1.422561018053401e-08	5.000000e+00	0.000000e+00	2.470602e-03
1.426164602635728e-08	5.000000e+00	0.000000e+00	5.688777e-03
1.429004890636459e-08	5.000000e+00	0.000000e+00	6.269940e-03
1.432329350771312e-08	5.000000e+00	0.000000e+00	4.114070e-03
1.435959505906954e-08	5.000000e+00	0.000000e+00	1.691667e-05
1.439554149917226e-08	5.000000e+00	0.000000e+00	-1.287736e-03
1.443460399917226e-08	5.000000e+00	0.000000e+00	-1.357619e-03
1.447366649917226e-08	5.000000e+00	0.000000e+00	-1.112870e-03
1.451272899917226e-08	5.000000e+00	0.000000e+00	-8.264279e-04
1.455179149917226e-08	5.000000e+00	0.000000e+00	-6.232731e-04
1.459085399917225e-08	5.000000e+00	0.000000e+00	-4.503315e-04
1.462991649917225e-08	5.000000e+00	0.000000e+00	-3.461351e-04
1.466897899917225e-08	5.000000e+00	0.000000e+00	-2.475326e-04
1.470804149917225e-08	5.000000e+00	0.000000e+00	-1.961047e-04
1.474710399917225e-08	5.000000e+00	0.000000e+00	-1.363919e-04
1.478616649917225e-08	5.000000e+00	0.000000e+00	-1.127963e-04
1.482522899917225e-08	5.000000e+00	0.000000e+00	-7.438148e-05
1.486429149917225e-08	5.000000e+00	0.000000e+00	-6.594137e-05
1.490335399917225e-08	5.000000e+00	0.000000e+00	-3.953369e-05
1.494241649917225e-08	5.000000e+00	0.000000e+00	-3.944948e-05
1.498147899917225e-08	5.000000e+00	0.000000e+00	-1.997102e-05
1.502054149917225e-08	5.000000e+00	0.000000e+00	-2.445323e-05
1.505960399917225e-08	5.000000e+00	0.000000e+00	-9.026629e-06
1.509866649917225e-08	5.000000e+00	0.000000e+00	-1.571840e-05
1.513772899917225e-08	5.000000e+00	0.000000e+00	-2.644189e-06
1.517679149917225e-08	5.000000e+00	0.000000e+00	-1.083239e-05
1.521585399917225e-08	5.000000e+00	0.000000e+00	6.607380e-07
1.525491649917225e-08	5.000000e+00	0.000000e+00	-8.067361e-06
1.529397899917225e-08	5.000000e+00	0.000000e+00	2.439105e-06
1.533304149917225e-08	5.000000e+00	0.000000e+00	-6.415572e-06
1.537210399917225e-08	5.000000e+00	0.000000e+00	3.385758e-06
1.541116649917225e-08	5.000000e+00	0.000000e+00	-5.424466e-06
1.545022899917225e-08	5.000000e+00	0.000000e+00	3.857234e-06
1.548929149917225e-08	5.000000e+00	0.000000e+00	-4.810473e-06
1.552835399917225e-08	5.000000e+00	0.000000e+00	4.062725e-06
1.556741649917225e-08	5.000000e+00	0.000000e+00	-4.416928e-06
1.560647899917225e-08	5.000000e+00	0.000000e+00	4.113166e-06
1.564554149917224e-08	5.000000e+00	0.000000e+00	-4.138418e-06
1.568460399917224e-08	5.000000e+00	0.000000e+00	4.095701e-06
1.572366649917224e-08	5.000000e+00	0.000000e+00	-3.927774e-06
1.576272899917224e-08	5.000000e+00	0.000000e+00	4.032537e-06
1.580179149917224e-08	5.000000e+00	0.000000e+00	-3.762772e-06
1.584085399917224e-08	5.000000e+00	0.000000e+00	3.944410e-06
1.587991649917224e-08	5.000000e+00	0.000000e+00	-3.623464e-06
1.591897899917224e-08	5.000000e+00	0.000000e+00	3.794136e-06
1.595804149917224e-08	5.000000e+00	0.000000e+00	-3.616162e-06
1.599710399917224e-08	5.000000e+00	0.000000e+00	3.605878e-06
1.603616649917224e-08	5.000000e+00	0.000000e+00	-3.531594e-06
1.607522899917224e-08	5.000000e+00	0.000000e+00	3.492979e-06
1.611429149917224e-08	5.000000e+00	0.000000e+00	-3.427332e-06
1.615335399917224e-08	5.000000e+00	0.000000e+00	3.390745e-06
1.619241649917224e-08	5.000000e+00	0.000000e+00	-3.325061e-06
1.623147899917224e-08	5.000000e+00	0.000000e+00	3.292246e-06
1.627054149917224e-08	5.000000e+00	0.000000e+00	-3.226670e-06
1.630960399917224e-08	5.000000e+00	0.000000e+00	3.239819e-06
1.634866649917224e-08	5.000000e+00	0.000000e+00	-3.032326e-06
1.638772899917224e-08	5.000000e+00	0.000000e+00	3.222329e-06
1.642679149917224e-08	5.000000e+00	0.000000e+00	-2.914753e-06
1.646585399917224e-08	5.000000e+00	0.000000e+00	3.140761e-06
1.650491649917224e-08	5.000000e+00	0.000000e+00	-2.825415e-06
1.654397899917224e-08	5.000000e+00	0.000000e+00	3.053629e-06
1.658304149917224e-08	5.000000e+00	0.000000e+00	-2.742582e-06
1.662210399917224e-08	5.000000e+00	0.000000e+00	2.968073e-06
1.666116649917223e-08	5.000000e+00	0.000000e+00	-2.663374e-06
1.670022899917223e-08	5.000000e+00	0.000000e+00	2.885017e-06
1.673929149917223e-08	5.000000e+00	0.000000e+00	-2.587196e-06
1.677835399917223e-08	5.000000e+00	0.000000e+00	2.804596e-06
1.681741649917223e-08	5.000000e+00	0.000000e+00	-2.513787e-06
1.685647899917223e-08	5.000000e+00	0.000000e+00	2.726804e-06
1.689554149917223e-08	5.000000e+00	0.000000e+00	-2.442971e-06
1.693460399917223e-08	5.000000e+00	0.000000e+00	2.651590e-06
1.697366649917223e-08	5.000000e+00	0.000000e+00	-2.374610e-06
1.701272899917223e-08	5.000000e+00	0.000000e+00	2.578882e-06
1.705179149917223e-08	5.000000e+00	0.000000e+00	-2.308589e-06
1.709085399917223e-08	5.000000e+00	0.000000e+00	2.508601e-06
1.712991649917223e-08	5.000000e+00	0.000000e+00	-2.244806e-06
1.716897899917223e-08	5.000000e+00	0.000000e+00	2.440663e-06
1.720804149917223e-08	5.000000e+00	0.000000e+00	-2.183169e-06
1.724710399917223e-08	5.000000e+00	0.000000e+00	2.374983e-06
1.728616649917223e-08	5.000000e+00	0.000000e+00	-2.123593e-06
1.732522899917223e-08	5.000000e+00	0.000000e+00	2.311478e-06
1.736429149917223e-08	5.000000e+00	0.000000e+00	-2.065996e-06
1.740335399917223e-08	5.000000e+00	0.000000e+00	2.250067e-06
1.744241649917223e-08	5.000000e+00	0.000000e+00	-2.010303e-06
1.748147899917223e-08	5.000000e+00	0.000000e+00	2.190673e-06
1.752054149917223e-08	5.000000e+00	0.000000e+00	-1.956440e-06
1.755960399917223e-08	5.000000e+00	0.000000e+00	2.133219e-06
1.759866649917223e-08	5.000000e+00	0.000000e+00	-1.904339e-06
1.763772899917223e-08	5.000000e+00	0.000000e+00	2.077633e-06
1.767679149917223e-08	5.000000e+00	0.000000e+00	-1.853933e-06
1.771585399917222e-08	5.000000e+00	0.000000e+00	2.023845e-06
1.775491649917222e-08	5.000000e+00	0.000000e+00	-1.805158e-06
1.779397899917222e-08	5.000000e+00	0.000000e+00	1.971788e-06
1.783304149917222e-08	5.000000e+00	0.000000e+00	-1.757954e-06
1.787210399917222e-08	5.000000e+00	0.000000e+00	1.921398e-06
1.791116649917222e-08	5.000000e+00	0.000000e+00	-1.712262e-06
1.795022899917222e-08	5.000000e+00	0.000000e+00	1.872613e-06
1.798929149917222e-08	5.000000e+00	0.000000e+00	-1.668026e-06
1.802835399917222e-08	5.000000e+00	0.000000e+00	1.825374e-06
1.806741649917222e-08	5.000000e+00	0.000000e+00	-1.625191e-06
1.810647899917222e-08	5.000000e+00	0.000000e+00	1.779623e-06
1.814554149917222e-08	5.000000e+00	0.000000e+00	-1.583707e-06
1.818460399917222e-08	5.000000e+00	0.000000e+00	1.735307e-06
1.822366649917222e-08	5.000000e+00	0.000000e+00	-1.543524e-06
1.826272899917222e-08	5.000000e+00	0.000000e+00	1.692371e-06
1.830179149917222e-08	5.000000e+00	0.000000e+00	-1.504594e-06
1.834085399917222e-08	5.000000e+00	0.000000e+00	1.650767e-06
1.837991649917222e-08	5.000000e+00	0.000000e+00	-1.466871e-06
1.841897899917222e-08	5.000000e+00	0.000000e+00	1.610446e-06
1.845804149917222e-08	5.000000e+00	0.000000e+00	-1.430312e-06
1.849710399917222e-08	5.000000e+00	0.000000e+00	1.571362e-06
1.853616649917222e-08	5.000000e+00	0.000000e+00	-1.394875e-06
1.857522899917222e-08	5.000000e+00	0.000000e+00	1.533469e-06
1.861429149917222e-08	5.000000e+00	0.000000e+00	-1.360518e-06
1.865335399917222e-08	5.000000e+00	0.000000e+00	1.496725e-06
1.869241649917222e-08	5.000000e+00	0.000000e+00	-1.327203e-06
1.873147899917222e-08	5.000000e+00	0.000000e+00	1.461088e-06
1.877054149917221e-08	5.000000e+00	0.000000e+00	-1.294894e-06
1.880000000000000e-08	5.000000e+00	0.000000e+00	1.426589e-06
1.880294585008278e-08	5.000000e+00	1.472925e-01	1.879797e-07
1.880883755024834e-08	5.000000e+00	4.418775e-01	1.725350e-07
1.882062095057945e-08	5.000000e+00	1.031048e+00	2.671244e-07
1.883917186255114e-08	5.000000e+00	1.958593e+00	-1.222571e-07
1.886428549401710e-08	5.000000e+00	3.214275e+00	-4.034405e-07
1.888749831249727e-08	5.000000e+00	4.374916e+00	-7.607631e-07
1.890000000000000e-08	5.000000e+00	5.000000e+00	-8.420356e-07
1.890125016875028e-08	5.000000e+00	5.000000e+00	-8.980054e-07
1.890375050625083e-08	5.000000e+00	5.000000e+00	-9.405922e-07
1.890875118125192e-08	5.000000e+00	5.000000e+00	-9.385855e-07
1.891875253125411e-08	5.000000e+00	5.000000e+00	-7.457980e-07
1.893875523125849e-08	5.000000e+00	5.000000e+00	-5.604854e-08
1.896237319398033e-08	5.000000e+00	5.000000e+00	7.977222e-07
1.899016439021443e-08	5.000000e+00	5.000000e+00	1.461591e-06
1.901887201599400e-08	5.000000e+00	5.000000e+00	1.317131e-06
1.904642609927164e-08	5.000000e+00	5.000000e+00	5.646240e-07
1.907874681493517e-08	5.000000e+00	5.000000e+00	-2.099518e-07
1.910000000000000e-08	5.000000e+00	5.000000e+00	-4.646006e-07
1.910212531850648e-08	4.893734e+00	5.000000e+00	-4.438302e-05
1.910637595551945e-08	4.681202e+00	5.000000e+00	-1.307943e-04
1.911487722954538e-08	4.256138e+00	5.000000e+00	-2.544786e-04
1.913187977759724e-08	3.406011e+00	5.000000e+00	-1.197760e-04
1.914871939567019e-08	2.564030e+00	5.000000e+00	6.286021e-04
1.916696526314155e-08	1.651737e+00	5.000000e+00	1.829755e-03
1.919616317768981e-08	1.918411e-01	5.000000e+00	4.504001e-03
1.920000000000000e-08	0.000000e+00	5.000000e+00	4.901127e-03
1.920038368223102e-08	0.000000e+00	5.000000e+00	4.942372e-03
1.920115104669305e-08	0.000000e+00	5.000000e+00	5.030806e-03
1.920268577561713e-08	0.000000e+00	5.000000e+00	5.208245e-03
1.920575523346528e-08	0.000000e+00	5.000000e+00	5.507686e-03
1.921156023087879e-08	0.000000e+00	5.000000e+00	5.906673e-03
1.922317022570582e-08	0.000000e+00	5.000000e+00	6.156746e-03
1.924639021535986e-08	0.000000e+00	5.000000e+00	5.150088e-03
1.927612594764202e-08	0.000000e+00	5.000000e+00	2.557308e-03
1.930742739164209e-08	0.000000e+00	5.000000e+00	-1.365392e-03
1.934648989164209e-08	0.000000e+00	5.000000e+00	-4.991037e-03
1.938555239164209e-08	0.000000e+00	5.000000e+00	-6.262111e-03
1.942461489164209e-08	0.000000e+00	5.000000e+00	-5.127787e-03
1.945980174382720e-08	0.000000e+00	5.000000e+00	-2.714197e-03
1.949446777573942e-08	0.000000e+00	5.000000e+00	-7.491339e-04
1.952736385494542e-08	0.000000e+00	5.000000e+00	3.255248e-04
1.956261776931048e-08	0.000000e+00	5.000000e+00	8.362685e-04
1.958587689994782e-08	0.000000e+00	5.000000e+00	9.756219e-04
1.961097678059041e-08	0.000000e+00	5.000000e+00	1.006385e-03
1.963773531891316e-08	0.000000e+00	5.000000e+00	9.599803e-04
1.966662658791579e-08	0.000000e+00	5.000000e+00	8.381121e-04
1.970021864145407e-08	0.000000e+00	5.000000e+00	6.882902e-04
1.973695628102894e-08	0.000000e+00	5.000000e+00	5.277695e-04
1.977601878102894e-08	0.000000e+00	5.000000e+00	4.014071e-04
1.981508128102894e-08	0.000000e+00	5.000000e+00	2.963409e-04
1.985414378102894e-08	0.000000e+00	5.000000e+00	2.274568e-04
1.989320628102894e-08	0.000000e+00	5.000000e+00	1.667021e-04
1.993226878102894e-08	0.000000e+00	5.000000e+00	1.304241e-04
1.997133128102894e-08	0.000000e+00	5.000000e+00	9.397086e-05
2.001039378102894e-08	0.000000e+00	5.000000e+00	7.554618e-05
2.004945628102894e-08	0.000000e+00	5.000000e+00	5.266646e-05
2.008851878102894e-08	0.000000e+00	5.000000e+00	4.423493e-05
2.012758128102894e-08	0.000000e+00	5.000000e+00	2.910119e-05
2.016664378102894e-08	0.000000e+00	5.000000e+00	2.631582e-05
2.020570628102894e-08	0.000000e+00	5.000000e+00	1.564967e-05
2.024476878102894e-08	0.000000e+00	5.000000e+00	1.604415e-05
2.028383128102894e-08	0.000000e+00	5.000000e+00	7.978003e-06
2.032289378102894e-08	0.000000e+00	5.000000e+00	1.014462e-05
2.036195628102894e-08	0.000000e+00	5.000000e+00	3.611403e-06
2.040101878102893e-08	0.000000e+00	5.000000e+00	6.749098e-06
2.044008128102893e-08	0.000000e+00	5.000000e+00	1.135861e-06
2.047914378102893e-08	0.000000e+00	5.000000e+00	4.786253e-06
2.051820628102893e-08	0.000000e+00	5.000000e+00	-2.626726e-07
2.055726878102893e-08	0.000000e+00	5.000000e+00	3.645710e-06
2.059633128102893e-08	0.000000e+00	5.000000e+00	-1.050196e-06
2.063539378102893e-08	0.000000e+00	5.000000e+00	2.979772e-06
2.067445628102893e-08	0.000000e+00	5.000000e+00	-1.478689e-06
2.071351878102893e-08	0.000000e+00	5.000000e+00	2.580063e-06
2.075258128102893e-08	0.000000e+00	5.000000e+00	-1.704183e-06
2.079164378102893e-08	0.000000e+00	5.000000e+00	2.332467e-06
2.083070628102893e-08	0.000000e+00	5.000000e+00	-1.814353e-06
2.086976878102893e-08	0.000000e+00	5.000000e+00	2.171995e-06
2.090883128102893e-08	0.000000e+00	5.000000e+00	-1.859296e-06
2.094789378102893e-08	0.000000e+00	5.000000e+00	2.062522e-06
2.098695628102893e-08	0.000000e+00	5.000000e+00	-1.866268e-06
2.102601878102893e-08	0.000000e+00	5.000000e+00	1.981687e-06
2.106508128102893e-08	0.000000e+00	5.000000e+00	-1.852932e-06
2.110414378102893e-08	0.000000e+00	5.000000e+00	1.918352e-06
2.114320628102893e-08	0.000000e+00	5.000000e+00	-1.828335e-06
2.118226878102893e-08	0.000000e+00	5.000000e+00	1.865453e-06
2.122133128102893e-08	0.000000e+00	5.000000e+00	-1.797730e-06
2.126039378102893e-08	0.000000e+00	5.000000e+00	1.818919e-06
2.129945628102893e-08	0.000000e+00	5.000000e+00	-1.764109e-06
2.133851878102893e-08	0.000000e+00	5.000000e+00	1.776414e-06
2.137758128102893e-08	0.000000e+00	5.000000e+00	-1.729162e-06
2.141664378102893e-08	0.000000e+00	5.000000e+00	1.736594e-06
2.145570628102892e-08	0.000000e+00	5.000000e+00	-1.693843e-06
2.149476878102892e-08	0.000000e+00	5.000000e+00	1.721971e-06
2.153383128102892e-08	0.000000e+00	5.000000e+00	-1.603177e-06
2.157289378102892e-08	0.000000e+00	5.000000e+00	1.729703e-06
2.161195628102892e-08	0.000000e+00	5.000000e+00	-1.550397e-06
2.165101878102892e-08	0.000000e+00	5.000000e+00	1.700842e-06
2.169008128102892e-08	0.000000e+00	5.000000e+00	-1.513723e-06
2.172914378102892e-08	0.000000e+00	5.000000e+00	1.667485e-06
2.176820628102892e-08	0.000000e+00	5.000000e+00	-1.480164e-06
2.180726878102892e-08	0.000000e+00	5.000000e+00	1.633828e-06
2.184633128102892e-08	0.000000e+00	5.000000e+00	-1.448054e-06
2.188539378102892e-08	0.000000e+00	5.000000e+00	1.600521e-06
2.192445628102892e-08	0.000000e+00	5.000000e+00	-1.417013e-06
2.196351878102892e-08	0.000000e+00	5.000000e+00	1.567758e-06
2.200258128102892e-08	0.000000e+00	5.000000e+00	-1.386871e-06
2.204164378102892e-08	0.000000e+00	5.000000e+00	1.535623e-06
2.208070628102892e-08	0.000000e+00	5.000000e+00	-1.357528e-06
2.211976878102892e-08	0.000000e+00	5.000000e+00	1.504155e-06
2.215883128102892e-08	0.000000e+00	5.000000e+00	-1.328918e-06
2.219789378102892e-08	0.000000e+00	5.000000e+00	1.473367e-06
2.223695628102892e-08	0.000000e+00	5.000000e+00	-1.300995e-06
2.227601878102892e-08	0.000000e+00	5.000000e+00	1.443256e-06
2.231508128102892e-08	0.000000e+00	5.000000e+00	-1.273727e-06
2.235414378102892e-08	0.000000e+00	5.000000e+00	1.413815e-06
2.239320628102892e-08	0.000000e+00	5.000000e+00	-1.247086e-06
2.243226878102892e-08	0.000000e+00	5.000000e+00	1.385029e-06
2.247133128102891e-08	0.000000e+00	5.000000e+00	-1.221052e-06
2.251039378102891e-08	0.000000e+00	5.000000e+00	1.356885e-06
2.254945628102891e-08	0.000000e+00	5.000000e+00	-1.195617e-06
2.258851878102891e-08	0.000000e+00	5.000000e+00	1.329340e-06
2.262758128102891e-08	0.000000e+00	5.000000e+00	-1.170753e-06
2.266664378102891e-08	0.000000e+00	5.000000e+00	1.302437e-06
2.270570628102891e-08	0.000000e+00	5.000000e+00	-1.146416e-06
2.274476878102891e-08	0.000000e+00	5.000000e+00	1.276132e-06
2.278383128102891e-08	0.000000e+00	5.000000e+00	-1.122617e-06
2.282289378102891e-08	0.000000e+00	5.000000e+00	1.250401e-06
2.286195628102891e-08	0.000000e+00	5.000000e+00	-1.099344e-06
2.290101878102891e-08	0.000000e+00	5.000000e+00	1.225229e-06
2.294008128102891e-08	0.000000e+00	5.000000e+00	-1.076582e-06
2.297914378102891e-08	0.000000e+00	5.000000e+00	1.200603e-06
2.301820628102891e-08	0.000000e+00	5.000000e+00	-1.054316e-06
2.305726878102891e-08	0.000000e+00	5.000000e+00	1.176509e-06
2.309633128102891e-08	0.000000e+00	5.000000e+00	-1.032533e-06
2.313539378102891e-08	0.000000e+00	5.000000e+00	1.152933e-06
2.317445628102891e-08	0.000000e+00	5.000000e+00	-1.011220e-06
2.321351878102891e-08	0.000000e+00	5.000000e+00	1.129864e-06
2.325258128102891e-08	0.000000e+00	5.000000e+00	-9.903644e-07
2.329164378102891e-08	0.000000e+00	5.000000e+00	1.107287e-06
2.333070628102891e-08	0.000000e+00	5.000000e+00	-9.699545e-07
2.336976878102891e-08	0.000000e+00	5.000000e+00	1.085190e-06
2.340883128102891e-08	0.000000e+00	5.000000e+00	-9.499791e-07
2.344789378102891e-08	0.000000e+00	5.000000e+00	1.063562e-06
2.348695628102891e-08	0.000000e+00	5.000000e+00	-9.304272e-07
2.352601878102890e-08	0.000000e+00	5.000000e+00	1.042389e-06
2.356508128102890e-08	0.000000e+00	5.000000e+00	-9.112881e-07
2.360414378102890e-08	0.000000e+00	5.000000e+00	1.021663e-06
2.364320628102890e-08	0.000000e+00	5.000000e+00	-8.925518e-07
2.368226878102890e-08	0.000000e+00	5.000000e+00	1.001370e-06
2.372133128102890e-08	0.000000e+00	5.000000e+00	-8.742084e-07
2.376039378102890e-08	0.000000e+00	5.000000e+00	9.815004e-07
2.379945628102890e-08	0.000000e+00	5.000000e+00	-8.562481e-07
2.383851878102890e-08	0.000000e+00	5.000000e+00	9.620444e-07
2.387758128102890e-08	0.000000e+00	5.000000e+00	-8.386618e-07
2.390000000000000e-08	0.000000e+00	5.000000e+00	9.431723e-07
2.390224187189711e-08	0.000000e+00	4.887907e+00	-1.566190e-08
2.390672561569133e-08	0.000000e+00	4.663719e+00	-3.310325e-07
2.391569310327977e-08	0.000000e+00	4.215345e+00	-5.004665e-07
2.393362807845665e-08	0.000000e+00	3.318596e+00	1.896293e-07
2.395124933308638e-08	0.000000e+00	2.437533e+00	2.241628e-06
2.397057765907845e-08	0.000000e+00	1.471117e+00	4.104258e-06
2.400000000000000e-08	0.000000e+00	1.625367e-13	5.655446e-06
2.400060807075733e-08	3.040354e-02	0.000000e+00	1.414515e-05
2.400182421227197e-08	9.121061e-02	0.000000e+00	3.832963e-05
2.400425649530127e-08	2.128248e-01	0.000000e+00	9.102276e-05
2.400912106135987e-08	4.560531e-01	0.000000e+00	1.682552e-04
2.401885019347706e-08	9.425097e-01	0.000000e+00	2.579800e-04
2.403547276360876e-08	1.773638e+00	0.000000e+00	1.181109e-04
2.405431131618299e-08	2.715566e+00	0.000000e+00	-3.427529e-04
2.408263459461293e-08	4.131730e+00	0.000000e+00	-1.326741e-03
2.410000000000000e-08	5.000000e+00	0.000000e+00	-2.671841e-03
2.410173654053871e-08	5.000000e+00	0.000000e+00	-2.911222e-03
2.410520962161612e-08	5.000000e+00	0.000000e+00	-3.434882e-03
2.411215578377095e-08	5.000000e+00	0.000000e+00	-4.685459e-03
2.412604810808061e-08	5.000000e+00	0.000000e+00	-7.835703e-03
2.414532050086798e-08	5.000000e+00	0.000000e+00	-1.330152e-02
2.418386528644272e-08	5.000000e+00	0.000000e+00	-2.456708e-02
2.421690477619379e-08	5.000000e+00	0.000000e+00	-2.827362e-02
2.425220999467590e-08	5.000000e+00	0.000000e+00	2.293919e-03
2.427948748744511e-08	5.000000e+00	0.000000e+00	6.780892e-02
2.431225984713862e-08	5.000000e+00	0.000000e+00	2.309141e-01
2.434551158379346e-08	5.000000e+00	0.000000e+00	5.521567e-01
2.438226808989032e-08	5.000000e+00	0.000000e+00	1.205212e+00
2.442133058989032e-08	5.000000e+00	0.000000e+00	2.258148e+00
2.446039308989032e-08	5.000000e+00	0.000000e+00	3.427277e+00
2.448982347316778e-08	5.000000e+00	0.000000e+00	4.126846e+00
2.452313011105345e-08	5.000000e+00	0.000000e+00	4.586235e+00
2.456013514894389e-08	5.000000e+00	0.000000e+00	4.802099e+00
2.458624114601798e-08	5.000000e+00	0.000000e+00	4.862717e+00
2.461738588073105e-08	5.000000e+00	0.000000e+00	4.914051e+00
2.464929954771886e-08	5.000000e+00	0.000000e+00	4.950765e+00
2.468374803543564e-08	5.000000e+00	0.000000e+00	4.974172e+00
2.471739246875336e-08	5.000000e+00	0.000000e+00	4.986109e+00
2.475645496875336e-08	5.000000e+00	0.000000e+00	4.992874e+00
2.479551746875336e-08	5.000000e+00	0.000000e+00	4.995997e+00
2.483457996875336e-08	5.000000e+00	0.000000e+00	4.997547e+00
2.487364246875336e-08	5.000000e+00	0.000000e+00	4.998409e+00
2.491270496875336e-08	5.000000e+00	0.000000e+00	4.998925e+00
2.495176746875336e-08	5.000000e+00	0.000000e+00	4.999264e+00
2.499082996875336e-08	5.000000e+00	0.000000e+00	4.999485e+00
2.502989246875336e-08	5.000000e+00	0.000000e+00	4.999644e+00
2.506895496875336e-08	5.000000e+00	0.000000e+00	4.999747e+00
2.510801746875336e-08	5.000000e+00	0.000000e+00	4.999826e+00
2.514707996875336e-08	5.000000e+00	0.000000e+00	4.999875e+00
2.518614246875336e-08	5.000000e+00	0.000000e+00	4.999916e+00
2.522520496875336e-08	5.000000e+00	0.000000e+00	4.999937e+00
2.526426746875336e-08	5.000000e+00	0.000000e+00	4.999960e+00
2.530332996875336e-08	5.000000e+00	0.000000e+00	4.999968e+00
2.534239246875336e-08	5.000000e+00	0.000000e+00	4.999981e+00
2.538145496875336e-08	5.000000e+00	0.000000e+00	4.999983e+00
2.542051746875335e-08	5.000000e+00	0.000000e+00	4.999992e+00
2.545957996875335e-08	5.000000e+00	0.000000e+00	4.999990e+00
2.549864246875335e-08	5.000000e+00	0.000000e+00	4.999997e+00
2.553770496875335e-08	5.000000e+00	0.000000e+00	4.999993e+00
2.557676746875335e-08	5.000000e+00	0.000000e+00	5.000000e+00
2.561582996875335e-08	5.000000e+00	0.000000e+00	4.999995e+00
2.565489246875335e-08	5.000000e+00	0.000000e+00	5.000001e+00
2.569395496875335e-08	5.000000e+00	0.000000e+00	4.999996e+00
2.573301746875335e-08	5.000000e+00	0.000000e+00	5.000002e+00
2.577207996875335e-08	5.000000e+00	0.000000e+00	4.999996e+00
2.581114246875335e-08	5.000000e+00	0.000000e+00	5.000003e+00
2.585020496875335e-08	5.000000e+00	0.000000e+00	4.999996e+00
2.588926746875335e-08	5.000000e+00	0.000000e+00	5.000003e+00
2.592832996875335e-08	5.000000e+00	0.000000e+00	4.999996e+00
2.596739246875335e-08	5.000000e+00	0.000000e+00	5.000003e+00
2.600645496875335e-08	5.000000e+00	0.000000e+00	4.999996e+00
2.604551746875335e-08	5.000000e+00	0.000000e+00	5.000003e+00
2.608457996875335e-08	5.000000e+00	0.000000e+00	4.999996e+00
2.612364246875335e-08	5.000000e+00	0.000000e+00	5.000003e+00
2.616270496875335e-08	5.000000e+00	0.000000e+00	4.999996e+00
2.620176746875335e-08	5.000000e+00	0.000000e+00	5.000003e+00
2.624082996875335e-08	5.000000e+00	0.000000e+00	4.999996e+00
2.627989246875335e-08	5.000000e+00	0.000000e+00	5.000003e+00
2.631895496875335e-08	5.000000e+00	0.000000e+00	4.999996e+00
2.635801746875335e-08	5.000000e+00	0.000000e+00	5.000004e+00
2.639707996875335e-08	5.000000e+00	0.000000e+00	4.999996e+00
2.643614246875335e-08	5.000000e+00	0.000000e+00	5.000004e+00
2.647520496875334e-08	5.000000e+00	0.000000e+00	4.999996e+00
2.651426746875334e-08	5.000000e+00	0.000000e+00	5.000004e+00
2.655332996875334e-08	5.000000e+00	0.000000e+00	4.999996e+00
2.659239246875334e-08	5.000000e+00	0.000000e+00	5.000004e+00
2.663145496875334e-08	5.000000e+00	0.000000e+00	4.999995e+00
2.667051746875334e-08	5.000000e+00	0.000000e+00	5.000004e+00
2.670957996875334e-08	5.000000e+00	0.000000e+00	4.999995e+00
2.674864246875334e-08	5.000000e+00	0.000000e+00	5.000004e+00
2.678770496875334e-08	5.000000e+00	0.000000e+00	4.999995e+00
2.682676746875334e-08	5.000000e+00	0.000000e+00	5.000004e+00
2.686582996875334e-08	5.000000e+00	0.000000e+00	4.999995e+00
2.690489246875334e-08	5.000000e+00	0.000000e+00	5.000004e+00
2.694395496875334e-08	5.000000e+00	0.000000e+00	4.999995e+00
2.698301746875334e-08	5.000000e+00	0.000000e+00	5.000004e+00
2.702207996875334e-08	5.000000e+00	0.000000e+00	4.999995e+00
2.706114246875334e-08	5.000000e+00	0.000000e+00	5.000004e+00
2.710020496875334e-08	5.000000e+00	0.000000e+00	4.999995e+00
2.713926746875334e-08	5.000000e+00	0.000000e+00	5.000004e+00
2.717832996875334e-08	5.000000e+00	0.000000e+00	4.999995e+00
2.721739246875334e-08	5.000000e+00	0.000000e+00	5.000005e+00
2.725645496875334e-08	5.000000e+00	0.000000e+00	4.999995e+00
2.729551746875334e-08	5.000000e+00	0.000000e+00	5.000005e+00
2.733457996875334e-08	5.000000e+00	0.000000e+00	4.999995e+00
2.737364246875334e-08	5.000000e+00	0.000000e+00	5.000005e+00
2.741270496875334e-08	5.000000e+00	0.000000e+00	4.999995e+00
2.745176746875334e-08	5.000000e+00	0.000000e+00	5.000005e+00
2.749082996875333e-08	5.000000e+00	0.000000e+00	4.999994e+00
2.752989246875333e-08	5.000000e+00	0.000000e+00	5.000005e+00
2.756895496875333e-08	5.000000e+00	0.000000e+00	4.999994e+00
2.760801746875333e-08	5.000000e+00	0.000000e+00	5.000005e+00
2.764707996875333e-08	5.000000e+00	0.000000e+00	4.999994e+00
2.768614246875333e-08	5.000000e+00	0.000000e+00	5.000005e+00
2.772520496875333e-08	5.000000e+00	0.000000e+00	4.999994e+00
2.776426746875333e-08	5.000000e+00	0.000000e+00	5.000005e+00
2.780332996875333e-08	5.000000e+00	0.000000e+00	4.999994e+00
2.784239246875333e-08	5.000000e+00	0.000000e+00	5.000005e+00
2.788145496875333e-08	5.000000e+00	0.000000e+00	4.999994e+00
2.792051746875333e-08	5.000000e+00	0.000000e+00	5.000005e+00
2.795957996875333e-08	5.000000e+00	0.000000e+00	4.999994e+00
2.799864246875333e-08	5.000000e+00	0.000000e+00	5.000005e+00
2.803770496875333e-08	5.000000e+00	0.000000e+00	4.999994e+00
2.807676746875333e-08	5.000000e+00	0.000000e+00	5.000005e+00
2.811582996875333e-08	5.000000e+00	0.000000e+00	4.999994e+00
2.815489246875333e-08	5.000000e+00	0.000000e+00	5.000005e+00
2.819395496875333e-08	5.000000e+00	0.000000e+00	4.999994e+00
2.823301746875333e-08	5.000000e+00	0.000000e+00	5.000006e+00
2.827207996875333e-08	5.000000e+00	0.000000e+00	4.999994e+00
2.831114246875333e-08	5.000000e+00	0.000000e+00	5.000006e+00
2.835020496875333e-08	5.000000e+00	0.000000e+00	4.999994e+00
2.838926746875333e-08	5.000000e+00	0.000000e+00	5.000006e+00
2.842832996875333e-08	5.000000e+00	0.000000e+00	4.999994e+00
2.846739246875333e-08	5.000000e+00	0.000000e+00	5.000006e+00
2.850645496875333e-08	5.000000e+00	0.000000e+00	4.999994e+00
2.854551746875332e-08	5.000000e+00	0.000000e+00	5.000006e+00
2.858457996875332e-08	5.000000e+00	0.000000e+00	4.999993e+00
2.862364246875332e-08	5.000000e+00	0.000000e+00	5.000006e+00
2.866270496875332e-08	5.000000e+00	0.000000e+00	4.999993e+00
2.870176746875332e-08	5.000000e+00	0.000000e+00	5.000006e+00
2.874082996875332e-08	5.000000e+00	0.000000e+00	4.999993e+00
2.877989246875332e-08	5.000000e+00	0.000000e+00	5.000006e+00
2.881895496875332e-08	5.000000e+00	0.000000e+00	4.999993e+00
2.885801746875332e-08	5.000000e+00	0.000000e+00	5.000006e+00
2.889707996875332e-08	5.000000e+00	0.000000e+00	4.999993e+00
2.893614246875332e-08	5.000000e+00	0.000000e+00	5.000006e+00
2.897520496875332e-08	5.000000e+00	0.000000e+00	4.999993e+00
2.901426746875332e-08	5.000000e+00	0.000000e+00	5.000006e+00
2.905332996875332e-08	5.000000e+00	0.000000e+00	4.999993e+00
2.909239246875332e-08	5.000000e+00	0.000000e+00	5.000006e+00
2.910000000000000e-08	5.000000e+00	0.000000e+00	4.999993e+00
2.910076075312467e-08	4.961962e+00	0.000000e+00	4.999989e+00
2.910228225937401e-08	4.885887e+00	0.000000e+00	4.999960e+00
2.910532527187268e-08	4.733737e+00	0.000000e+00	4.999907e+00
2.911141129687003e-08	4.429435e+00	0.000000e+00	4.999833e+00
2.912194753660816e-08	3.902623e+00	0.000000e+00	4.999781e+00
2.913258729130942e-08	3.370636e+00	0.000000e+00	4.999956e+00
2.914882607371466e-08	2.558696e+00	0.000000e+00	5.000563e+00
2.917627443943411e-08	1.186278e+00	0.000000e+00	5.002173e+00
2.920000000000000e-08	0.000000e+00	0.000000e+00	5.006390e+00
2.920060807075733e-08	0.000000e+00	0.000000e+00	5.006498e+00
2.920182421227198e-08	0.000000e+00	0.000000e+00	5.006698e+00
2.920425649530128e-08	0.000000e+00	0.000000e+00	5.007041e+00
2.920912106135987e-08	0.000000e+00	0.000000e+00	5.007477e+00
2.921848759422353e-08	0.000000e+00	0.000000e+00	5.007556e+00
2.923722065995084e-08	0.000000e+00	0.000000e+00	5.005611e+00
2.926405736604053e-08	0.000000e+00	0.000000e+00	5.000758e+00
2.929335372281875e-08	0.000000e+00	0.000000e+00	4.995964e+00
2.933241622281875e-08	0.000000e+00	0.000000e+00	4.992972e+00
2.937147872281875e-08	0.000000e+00	0.000000e+00	4.993645e+00
2.941054122281875e-08	0.000000e+00	0.000000e+00	4.996374e+00
2.944347301368926e-08	0.000000e+00	0.000000e+00	4.999266e+00
2.947796616074833e-08	0.000000e+00	0.000000e+00	5.000905e+00
2.950880197562791e-08	0.000000e+00	0.000000e+00	5.001472e+00
2.954349889281691e-08	0.000000e+00	0.000000e+00	5.001565e+00
2.958203596447296e-08	0.000000e+00	0.000000e+00	5.001334e+00
2.961462382256185e-08	0.000000e+00	0.000000e+00	5.001029e+00
2.965011577830574e-08	0.000000e+00	0.000000e+00	5.000742e+00
2.968323057521282e-08	0.000000e+00	0.000000e+00	5.000571e+00
2.972229307521282e-08	0.000000e+00	0.000000e+00	5.000432e+00
2.976135557521282e-08	0.000000e+00	0.000000e+00	5.000329e+00
2.980041807521282e-08	0.000000e+00	0.000000e+00	5.000243e+00
2.983948057521282e-08	0.000000e+00	0.000000e+00	5.000178e+00
2.987854307521282e-08	0.000000e+00	0.000000e+00	5.000127e+00
2.991760557521282e-08	0.000000e+00	0.000000e+00	5.000092e+00
2.995666807521281e-08	0.000000e+00	0.000000e+00	5.000064e+00
2.999573057521281e-08	0.000000e+00	0.000000e+00	5.000047e+00
3.003479307521281e-08	0.000000e+00	0.000000e+00	5.000032e+00
3.007385557521281e-08	0.000000e+00	0.000000e+00	5.000024e+00
3.011291807521281e-08	0.000000e+00	0.000000e+00	5.000016e+00
3.015198057521281e-08	0.000000e+00	0.000000e+00	5.000012e+00
3.019104307521281e-08	0.000000e+00	0.000000e+00	5.000008e+00
3.023010557521281e-08	0.000000e+00	0.000000e+00	5.000006e+00
3.026916807521281e-08	0.000000e+00	0.000000e+00	5.000003e+00
3.030823057521281e-08	0.000000e+00	0.000000e+00	5.000003e+00
3.034729307521281e-08	0.000000e+00	0.000000e+00	5.000001e+00
3.038635557521281e-08	0.000000e+00	0.000000e+00	5.000002e+00
3.042541807521281e-08	0.000000e+00	0.000000e+00	5.000000e+00
3.046448057521281e-08	0.000000e+00	0.000000e+00	5.000001e+00
3.050354307521281e-08	0.000000e+00	0.000000e+00	5.000000e+00
3.054260557521281e-08	0.000000e+00	0.000000e+00	5.000001e+00
3.058166807521281e-08	0.000000e+00	0.000000e+00	5.000000e+00
3.062073057521281e-08	0.000000e+00	0.000000e+00	5.000001e+00
3.065979307521281e-08	0.000000e+00	0.000000e+00	5.000000e+00
3.069885557521281e-08	0.000000e+00	0.000000e+00	5.000000e+00
3.073791807521281e-08	0.000000e+00	0.000000e+00	5.000000e+00
3.077698057521281e-08	0.000000e+00	0.000000e+00	5.000000e+00
3.081604307521281e-08	0.000000e+00	0.000000e+00	5.000000e+00
3.085510557521281e-08	0.000000e+00	0.000000e+00	5.000000e+00
3.089416807521281e-08	0.000000e+00	0.000000e+00	5.000000e+00
3.093323057521281e-08	0.000000e+00	0.000000e+00	5.000000e+00
3.097229307521281e-08	0.000000e+00	0.000000e+00	5.000000e+00
3.101135557521280e-08	0.000000e+00	0.000000e+00	5.000000e+00
3.105041807521280e-08	0.000000e+00	0.000000e+00	5.000000e+00
3.108948057521280e-08	0.000000e+00	0.000000e+00	5.000000e+00
3.112854307521280e-08	0.000000e+00	0.000000e+00	5.000000e+00
3.116760557521280e-08	0.000000e+00	0.000000e+00	5.000000e+00
3.120666807521280e-08	0.000000e+00	0.000000e+00	5.000000e+00
3.124573057521280e-08	0.000000e+00	0.000000e+00	5.000000e+00
3.128479307521280e-08	0.000000e+00	0.000000e+00	5.000000e+00
3.132385557521280e-08	0.000000e+00	0.000000e+00	5.000000e+00
3.136291807521280e-08	0.000000e+00	0.000000e+00	5.000000e+00
3.140198057521280e-08	0.000000e+00	0.000000e+00	5.000000e+00
3.144104307521280e-08	0.000000e+00	0.000000e+00	5.000000e+00
3.148010557521280e-08	0.000000e+00	0.000000e+00	5.000000e+00
3.151916807521280e-08	0.000000e+00	0.000000e+00	5.000000e+00
3.155823057521280e-08	0.000000e+00	0.000000e+00	5.000000e+00
3.159729307521280e-08	0.000000e+00	0.000000e+00	5.000000e+00
3.163635557521280e-08	0.000000e+00	0.000000e+00	5.000000e+00
3.167541807521280e-08	0.000000e+00	0.000000e+00	5.000000e+00
3.171448057521280e-08	0.000000e+00	0.000000e+00	5.000000e+00
3.175354307521280e-08	0.000000e+00	0.000000e+00	5.000000e+00
3.179260557521280e-08	0.000000e+00	0.000000e+00	5.000000e+00
3.183166807521280e-08	0.000000e+00	0.000000e+00	5.000000e+00
3.187073057521280e-08	0.000000e+00	0.000000e+00	5.000000e+00
3.190979307521280e-08	0.000000e+00	0.000000e+00	5.000000e+00
3.194885557521280e-08	0.000000e+00	0.000000e+00	5.000000e+00
3.198791807521280e-08	0.000000e+00	0.000000e+00	5.000000e+00
3.202698057521280e-08	0.000000e+00	0.000000e+00	5.000000e+00
3.206604307521279e-08	0.000000e+00	0.000000e+00	5.000000e+00
3.210510557521279e-08	0.000000e+00	0.000000e+00	5.000000e+00
3.214416807521279e-08	0.000000e+00	0.000000e+00	5.000000e+00
3.218323057521279e-08	0.000000e+00	0.000000e+00	5.000000e+00
3.222229307521279e-08	0.000000e+00	0.000000e+00	5.000000e+00
3.226135557521279e-08	0.000000e+00	0.000000e+00	5.000000e+00
3.230041807521279e-08	0.000000e+00	0.000000e+00	5.000000e+00
3.233948057521279e-08	0.000000e+00	0.000000e+00	5.000000e+00
3.237854307521279e-08	0.000000e+00	0.000000e+00	5.000000e+00
3.241760557521279e-08	0.000000e+00	0.000000e+00	5.000000e+00
3.245666807521279e-08	0.000000e+00	0.000000e+00	5.000000e+00
3.249573057521279e-08	0.000000e+00	0.000000e+00	5.000000e+00
3.253479307521279e-08	0.000000e+00	0.000000e+00	5.000000e+00
3.257385557521279e-08	0.000000e+00	0.000000e+00	5.000000e+00
3.261291807521279e-08	0.000000e+00	0.000000e+00	5.000000e+00
3.265198057521279e-08	0.000000e+00	0.000000e+00	5.000000e+00
3.269104307521279e-08	0.000000e+00	0.000000e+00	5.000000e+00
3.273010557521279e-08	0.000000e+00	0.000000e+00	5.000000e+00
3.276916807521279e-08	0.000000e+00	0.000000e+00	5.000000e+00
3.280823057521279e-08	0.000000e+00	0.000000e+00	5.000000e+00
3.284729307521279e-08	0.000000e+00	0.000000e+00	5.000000e+00
3.288635557521279e-08	0.000000e+00	0.000000e+00	5.000000e+00
3.292541807521279e-08	0.000000e+00	0.000000e+00	5.000000e+00
3.296448057521279e-08	0.000000e+00	0.000000e+00	5.000000e+00
3.300354307521279e-08	0.000000e+00	0.000000e+00	5.000000e+00
3.304260557521279e-08	0.000000e+00	0.000000e+00	5.000000e+00
3.308166807521278e-08	0.000000e+00	0.000000e+00	5.000000e+00
3.312073057521278e-08	0.000000e+00	0.000000e+00	5.000000e+00
3.315979307521278e-08	0.000000e+00	0.000000e+00	5.000000e+00
3.319885557521278e-08	0.000000e+00	0.000000e+00	5.000000e+00
3.323791807521278e-08	0.000000e+00	0.000000e+00	5.000000e+00
3.327698057521278e-08	0.000000e+00	0.000000e+00	5.000000e+00
3.331604307521278e-08	0.000000e+00	0.000000e+00	5.000000e+00
3.335510557521278e-08	0.000000e+00	0.000000e+00	5.000000e+00
3.339416807521278e-08	0.000000e+00	0.000000e+00	5.000000e+00
3.343323057521278e-08	0.000000e+00	0.000000e+00	5.000000e+00
3.347229307521278e-08	0.000000e+00	0.000000e+00	5.000000e+00
3.351135557521278e-08	0.000000e+00	0.000000e+00	5.000000e+00
3.355041807521278e-08	0.000000e+00	0.000000e+00	5.000000e+00
3.358948057521278e-08	0.000000e+00	0.000000e+00	5.000000e+00
3.362854307521278e-08	0.000000e+00	0.000000e+00	5.000000e+00
3.366760557521278e-08	0.000000e+00	0.000000e+00	5.000000e+00
3.370666807521278e-08	0.000000e+00	0.000000e+00	5.000000e+00
3.374573057521278e-08	0.000000e+00	0.000000e+00	5.000000e+00
3.378479307521278e-08	0.000000e+00	0.000000e+00	5.000000e+00
3.380000000000000e-08	0.000000e+00	0.000000e+00	5.000000e+00
3.380152069247873e-08	0.000000e+00	7.603462e-02	5.000000e+00
3.380456207743617e-08	0.000000e+00	2.281039e-01	5.000000e+00
3.381064484735106e-08	0.000000e+00	5.322424e-01	5.000000e+00
3.382281038718085e-08	0.000000e+00	1.140519e+00	5.000000e+00
3.383963631597384e-08	0.000000e+00	1.981816e+00	5.000000e+00
3.386072135337980e-08	0.000000e+00	3.036068e+00	5.000000e+00
3.388524521144248e-08	0.000000e+00	4.262260e+00	4.999999e+00
3.390000000000001e-08	0.000000e+00	5.000000e+00	4.999999e+00
3.390147547885576e-08	0.000000e+00	5.000000e+00	4.999999e+00
3.390442643656727e-08	0.000000e+00	5.000000e+00	4.999999e+00
3.391032835199027e-08	0.000000e+00	5.000000e+00	4.999998e+00
3.392213218283629e-08	0.000000e+00	5.000000e+00	4.999997e+00
3.393833740799653e-08	0.000000e+00	5.000000e+00	4.999998e+00
3.397074785831700e-08	0.000000e+00	5.000000e+00	5.000001e+00
3.400000000000000e-08	0.000000e+00	5.000000e+00	5.000003e+00
3.400060807075732e-08	3.040354e-02	5.000000e+00	5.000021e+00
3.400182421227197e-08	9.121061e-02	5.000000e+00	5.000074e+00
3.400425649530128e-08	2.128248e-01	5.000000e+00	5.000189e+00
3.400912106135989e-08	4.560531e-01	5.000000e+00	5.000355e+00
3.401885019347710e-08	9.425097e-01	5.000000e+00	5.000544e+00
3.403550955686535e-08	1.775478e+00	5.000000e+00	5.000230e+00
3.405889721086086e-08	2.944860e+00	5.000000e+00	4.999049e+00
3.408317225154600e-08	4.158613e+00	5.000000e+00	4.997332e+00
3.410000000000000e-08	5.000000e+00	5.000000e+00	4.995822e+00
3.410168277484540e-08	5.000000e+00	5.000000e+00	4.995674e+00
3.410504832453620e-08	5.000000e+00	5.000000e+00	4.995467e+00
3.411177942391780e-08	5.000000e+00	5.000000e+00	4.995625e+00
3.412524162268100e-08	5.000000e+00	5.000000e+00	4.997751e+00
3.415216602020741e-08	5.000000e+00	5.000000e+00	5.006005e+00
3.419122852020741e-08	5.000000e+00	5.000000e+00	5.021511e+00
3.423029102020741e-08	5.000000e+00	5.000000e+00	5.039599e+00
3.426618459682174e-08	5.000000e+00	5.000000e+00	5.017658e+00
3.429570573545982e-08	5.000000e+00	5.000000e+00	4.934468e+00
3.432970727584615e-08	5.000000e+00	5.000000e+00	4.769842e+00
3.436623516029476e-08	5.000000e+00	5.000000e+00	4.515495e+00
3.440529766029476e-08	5.000000e+00	5.000000e+00	4.124594e+00
3.444436016029476e-08	5.000000e+00	5.000000e+00	3.556250e+00
3.448342266029476e-08	5.000000e+00	5.000000e+00	2.802935e+00
3.452248516029476e-08	5.000000e+00	5.000000e+00	1.930534e+00
3.456127026956421e-08	5.000000e+00	5.000000e+00	1.100728e+00
3.460033276956421e-08	5.000000e+00	5.000000e+00	5.382425e-01
3.463314843285827e-08	5.000000e+00	5.000000e+00	3.016687e-01
3.466780278424100e-08	5.000000e+00	5.000000e+00	1.557827e-01
3.470396361372950e-08	5.000000e+00	5.000000e+00	7.425144e-02
3.474302611372950e-08	5.000000e+00	5.000000e+00	3.344524e-02
3.478208861372950e-08	5.000000e+00	5.000000e+00	1.569406e-02
3.482115111372950e-08	5.000000e+00	5.000000e+00	8.466474e-03
3.486021361372950e-08	5.000000e+00	5.000000e+00	4.822701e-03
3.489927611372950e-08	5.000000e+00	5.000000e+00	3.351890e-03
3.493833861372950e-08	5.000000e+00	5.000000e+00	2.140306e-03
3.497740111372950e-08	5.000000e+00	5.000000e+00	1.748577e-03
3.501646361372950e-08	5.000000e+00	5.000000e+00	1.095782e-03
3.505552611372950e-08	5.000000e+00	5.000000e+00	1.008797e-03
3.509458861372950e-08	5.000000e+00	5.000000e+00	5.682628e-04
3.513365111372950e-08	5.000000e+00	5.000000e+00	6.104752e-04
3.517271361372950e-08	5.000000e+00	5.000000e+00	2.797194e-04
3.521177611372950e-08	5.000000e+00	5.000000e+00	3.859618e-04
3.525083861372950e-08	5.000000e+00	5.000000e+00	1.191672e-04
3.528990111372950e-08	5.000000e+00	5.000000e+00	2.572359e-04
3.532896361372950e-08	5.000000e+00	5.000000e+00	3.009714e-05
3.536802611372950e-08	5.000000e+00	5.000000e+00	1.825986e-04
3.540708861372950e-08	5.000000e+00	5.000000e+00	-1.867971e-05
3.544615111372950e-08	5.000000e+00	5.000000e+00	1.391266e-04
3.548521361372950e-08	5.000000e+00	5.000000e+00	-4.518512e-05
3.552427611372950e-08	5.000000e+00	5.000000e+00	1.125132e-04
3.556333861372950e-08	5.000000e+00	5.000000e+00	-5.866549e-05
3.560240111372949e-08	5.000000e+00	5.000000e+00	9.603268e-05
3.564146361372949e-08	5.000000e+00	5.000000e+00	-6.475153e-05
3.568052611372949e-08	5.000000e+00	5.000000e+00	8.524490e-05
3.571958861372949e-08	5.000000e+00	5.000000e+00	-6.584061e-05
3.575865111372949e-08	5.000000e+00	5.000000e+00	7.895381e-05
3.579771361372949e-08	5.000000e+00	5.000000e+00	-6.518518e-05
3.583677611372949e-08	5.000000e+00	5.000000e+00	7.349667e-05
3.587583861372949e-08	5.000000e+00	5.000000e+00	-6.372189e-05
3.591490111372949e-08	5.000000e+00	5.000000e+00	7.001540e-05
3.595396361372949e-08	5.000000e+00	5.000000e+00	-6.037825e-05
3.599302611372949e-08	5.000000e+00	5.000000e+00	6.661310e-05
3.603208861372949e-08	5.000000e+00	5.000000e+00	-5.799126e-05
3.607115111372949e-08	5.000000e+00	5.000000e+00	6.324831e-05
3.611021361372949e-08	5.000000e+00	5.000000e+00	-5.560670e-05
3.614927611372949e-08	5.000000e+00	5.000000e+00	6.017577e-05
3.618833861372949e-08	5.000000e+00	5.000000e+00	-5.321787e-05
3.622740111372949e-08	5.000000e+00	5.000000e+00	5.732013e-05
3.626646361372949e-08	5.000000e+00	5.000000e+00	-5.087334e-05
3.630552611372949e-08	5.000000e+00	5.000000e+00	5.463772e-05
3.634458861372949e-08	5.000000e+00	5.000000e+00	-4.859757e-05
3.638365111372949e-08	5.000000e+00	5.000000e+00	5.210139e-05
3.642271361372949e-08	5.000000e+00	5.000000e+00	-4.640130e-05
3.646177611372949e-08	5.000000e+00	5.000000e+00	4.969392e-05
3.650083861372949e-08	5.000000e+00	5.000000e+00	-4.428987e-05
3.653990111372949e-08	5.000000e+00	5.000000e+00	4.740279e-05
3.657896361372949e-08	5.000000e+00	5.000000e+00	-4.226504e-05
3.661802611372949e-08	5.000000e+00	5.000000e+00	4.521881e-05
3.665708861372948e-08	5.000000e+00	5.000000e+00	-4.032613e-05
3.669615111372948e-08	5.000000e+00	5.000000e+00	4.313490e-05
3.673521361372948e-08	5.000000e+00	5.000000e+00	-3.847111e-05
3.677427611372948e-08	5.000000e+00	5.000000e+00	4.114532e-05
3.681333861372948e-08	5.000000e+00	5.000000e+00	-3.669726e-05
3.685240111372948e-08	5.000000e+00	5.000000e+00	3.924513e-05
3.689146361372948e-08	5.000000e+00	5.000000e+00	-3.500152e-05
3.693052611372948e-08	5.000000e+00	5.000000e+00	3.742992e-05
3.696958861372948e-08	5.000000e+00	5.000000e+00	-3.338073e-05
3.700865111372948e-08	5.000000e+00	5.000000e+00	3.569566e-05
3.704771361372948e-08	5.000000e+00	5.000000e+00	-3.183174e-05
3.708677611372948e-08	5.000000e+00	5.000000e+00	3.403862e-05
3.712583861372948e-08	5.000000e+00	5.000000e+00	-3.035144e-05
3.716490111372948e-08	5.000000e+00	5.000000e+00	3.245526e-05
3.720396361372948e-08	5.000000e+00	5.000000e+00	-2.893681e-05
3.724302611372948e-08	5.000000e+00	5.000000e+00	3.094227e-05
3.728208861372948e-08	5.000000e+00	5.000000e+00	-2.758497e-05
3.732115111372948e-08	5.000000e+00	5.000000e+00	2.949647e-05
3.736021361372948e-08	5.000000e+00	5.000000e+00	-2.629312e-05
3.739927611372948e-08	5.000000e+00	5.000000e+00	2.811485e-05
3.743833861372948e-08	5.000000e+00	5.000000e+00	-2.505861e-05
3.747740111372948e-08	5.000000e+00	5.000000e+00	2.679455e-05
3.751646361372948e-08	5.000000e+00	5.000000e+00	-2.387887e-05
3.755552611372948e-08	5.000000e+00	5.000000e+00	2.553282e-05
3.759458861372948e-08	5.000000e+00	5.000000e+00	-2.275146e-05
3.763365111372948e-08	5.000000e+00	5.000000e+00	2.432705e-05
3.767271361372947e-08	5.000000e+00	5.000000e+00	-2.167422e-05
3.771177611372947e-08	5.000000e+00	5.000000e+00	2.317472e-05
3.775083861372947e-08	5.000000e+00	5.000000e+00	-2.064471e-05
3.778990111372947e-08	5.000000e+00	5.000000e+00	2.207349e-05
3.782896361372947e-08	5.000000e+00	5.000000e+00	-1.966081e-05
3.786802611372947e-08	5.000000e+00	5.000000e+00	2.102109e-05
3.790708861372947e-08	5.000000e+00	5.000000e+00	-1.872001e-05
3.794615111372947e-08	5.000000e+00	5.000000e+00	2.001587e-05
3.798521361372947e-08	5.000000e+00	5.000000e+00	-1.782143e-05
3.802427611372947e-08	5.000000e+00	5.000000e+00	1.905436e-05
3.806333861372947e-08	5.000000e+00	5.000000e+00	-1.696283e-05
3.810240111372947e-08	5.000000e+00	5.000000e+00	1.813546e-05
3.814146361372947e-08	5.000000e+00	5.000000e+00	-1.614214e-05
3.818052611372947e-08	5.000000e+00	5.000000e+00	1.725675e-05
3.821958861372947e-08	5.000000e+00	5.000000e+00	-1.535838e-05
3.825865111372947e-08	5.000000e+00	5.000000e+00	1.641748e-05
3.829771361372947e-08	5.000000e+00	5.000000e+00	-1.460846e-05
3.833677611372947e-08	5.000000e+00	5.000000e+00	1.561550e-05
3.837583861372947e-08	5.000000e+00	5.000000e+00	-1.389168e-05
3.841490111372947e-08	5.000000e+00	5.000000e+00	1.484887e-05
3.845396361372947e-08	5.000000e+00	5.000000e+00	-1.320663e-05
3.849302611372947e-08	5.000000e+00	5.000000e+00	1.411613e-05
3.853208861372947e-08	5.000000e+00	5.000000e+00	-1.255184e-05
3.857115111372947e-08	5.000000e+00	5.000000e+00	1.341578e-05
3.861021361372947e-08	5.000000e+00	5.000000e+00	-1.192597e-05
3.864927611372947e-08	5.000000e+00	5.000000e+00	1.274641e-05
3.868833861372947e-08	5.000000e+00	5.000000e+00	-1.132765e-05
3.872740111372946e-08	5.000000e+00	5.000000e+00	1.210660e-05
3.876646361372946e-08	5.000000e+00	5.000000e+00	-1.075587e-05
3.880552611372946e-08	5.000000e+00	5.000000e+00	1.149495e-05
3.884458861372946e-08	5.000000e+00	5.000000e+00	-1.020932e-05
3.888365111372946e-08	5.000000e+00	5.000000e+00	1.091030e-05
3.890000000000000e-08	5.000000e+00	5.000000e+00	-9.220139e-06
3.890163488862706e-08	5.000000e+00	4.918256e+00	-7.487724e-07
3.890490466588117e-08	5.000000e+00	4.754767e+00	1.541139e-06
3.891144422038938e-08	5.000000e+00	4.427789e+00	-5.376100e-07
3.892408740170941e-08	5.000000e+00	3.795630e+00	1.134150e-06
3.893604092182563e-08	5.000000e+00	3.197954e+00	-2.845196e-07
3.895377695401423e-08	5.000000e+00	2.311152e+00	1.559901e-06
3.897648011123212e-08	5.000000e+00	1.175994e+00	5.057755e-07
3.900000000000001e-08	5.000000e+00	0.000000e+00	2.082823e-06
3.900235198887679e-08	5.000000e+00	0.000000e+00	1.436828e-06
3.900705596663037e-08	5.000000e+00	0.000000e+00	1.241668e-06
3.901646392213752e-08	5.000000e+00	0.000000e+00	7.587092e-07
3.903243481785059e-08	5.000000e+00	0.000000e+00	-7.746904e-07
3.905516368213889e-08	5.000000e+00	0.000000e+00	-2.027940e-06
3.908807548774633e-08	5.000000e+00	0.000000e+00	-1.797305e-06
3.910000000000001e-08	5.000000e+00	0.000000e+00	-1.195583e-06
3.910119245122537e-08	4.940377e+00	0.000000e+00	-2.511391e-05
3.910357735367610e-08	4.821132e+00	0.000000e+00	-7.822749e-05
3.910834715857757e-08	4.582642e+00	0.000000e+00	-1.665060e-04
3.911743701821486e-08	4.128149e+00	0.000000e+00	-2.771734e-04
3.913312628837150e-08	3.343686e+00	0.000000e+00	-7.648812e-05
3.914876014513021e-08	2.561993e+00	0.000000e+00	6.447549e-04
3.916920853883434e-08	1.539573e+00	0.000000e+00	2.032533e-03
3.920000000000001e-08	0.000000e+00	0.000000e+00	4.856396e-03
3.920060807075733e-08	0.000000e+00	0.000000e+00	4.926904e-03
3.920182421227198e-08	0.000000e+00	0.000000e+00	5.071890e-03
3.920425649530128e-08	0.000000e+00	0.000000e+00	5.339883e-03
3.920912106135987e-08	0.000000e+00	0.000000e+00	5.745102e-03
3.921877931258059e-08	0.000000e+00	0.000000e+00	6.138293e-03
3.923809581502202e-08	0.000000e+00	0.000000e+00	5.664212e-03
3.926528223040569e-08	0.000000e+00	0.000000e+00	3.609868e-03
3.929475117633354e-08	0.000000e+00	0.000000e+00	1.522325e-04
3.933381367633354e-08	0.000000e+00	0.000000e+00	-4.228967e-03
3.937266854293028e-08	0.000000e+00	0.000000e+00	-6.114867e-03
3.941173104293028e-08	0.000000e+00	0.000000e+00	-5.668882e-03
3.944362788762676e-08	0.000000e+00	0.000000e+00	-3.692642e-03
3.947755672136400e-08	0.000000e+00	0.000000e+00	-1.462956e-03
3.950770133677755e-08	0.000000e+00	0.000000e+00	-1.344838e-04
3.954191983907402e-08	0.000000e+00	0.000000e+00	6.490936e-04
3.958093637970222e-08	0.000000e+00	0.000000e+00	9.496327e-04
3.961999887970222e-08	0.000000e+00	0.000000e+00	9.406129e-04
3.965906137970222e-08	0.000000e+00	0.000000e+00	8.061390e-04
3.969812387970222e-08	0.000000e+00	0.000000e+00	6.544358e-04
3.973718637970222e-08	0.000000e+00	0.000000e+00	5.096917e-04
3.977624887970222e-08	0.000000e+00	0.000000e+00	3.953557e-04
3.981531137970222e-08	0.000000e+00	0.000000e+00	2.993146e-04
3.985437387970222e-08	0.000000e+00	0.000000e+00	2.300528e-04
3.989343637970222e-08	0.000000e+00	0.000000e+00	1.719922e-04
3.993249887970222e-08	0.000000e+00	0.000000e+00	1.326084e-04
3.997156137970222e-08	0.000000e+00	0.000000e+00	9.805919e-05
4.000000000000000e-08	0.000000e+00	0.000000e+00	8.235481e-05
