time	V(clk)	V(ind)	V(outq)
0.000000000000000e+00	0.000000e+00	0.000000e+00	5.000000e+00
2.000000000000000e-09	0.000000e+00	0.000000e+00	5.000000e+00
2.003473750089847e-09	0.000000e+00	1.736875e-01	5.000000e+00
2.010421250269542e-09	0.000000e+00	5.210625e-01	5.000000e+00
2.024316250628931e-09	0.000000e+00	1.215813e+00	5.000000e+00
2.042238727205863e-09	0.000000e+00	2.111936e+00	5.000000e+00
2.065072672502874e-09	0.000000e+00	3.253634e+00	5.000000e+00
2.087627351412670e-09	0.000000e+00	4.381368e+00	4.999999e+00
2.100000000000000e-09	0.000000e+00	5.000000e+00	4.999999e+00
2.101237264858733e-09	0.000000e+00	5.000000e+00	4.999999e+00
2.103711794576199e-09	0.000000e+00	5.000000e+00	4.999999e+00
2.108660854011131e-09	0.000000e+00	5.000000e+00	4.999998e+00
2.118558972880995e-09	0.000000e+00	5.000000e+00	4.999997e+00
2.135861053621381e-09	0.000000e+00	5.000000e+00	4.999998e+00
2.165438287932011e-09	0.000000e+00	5.000000e+00	5.000001e+00
2.204500787932011e-09	0.000000e+00	5.000000e+00	5.000003e+00
2.242264977257797e-09	0.000000e+00	5.000000e+00	5.000002e+00
2.281327477257797e-09	0.000000e+00	5.000000e+00	5.000000e+00
2.320389977257797e-09	0.000000e+00	5.000000e+00	4.999994e+00
2.359452477257797e-09	0.000000e+00	5.000000e+00	4.999986e+00
2.398514977257798e-09	0.000000e+00	5.000000e+00	4.999977e+00
2.437577477257798e-09	0.000000e+00	5.000000e+00	4.999958e+00
2.476639977257798e-09	0.000000e+00	5.000000e+00	4.999963e+00
2.504074295941628e-09	0.000000e+00	5.000000e+00	5.000000e+00
2.529570015594436e-09	0.000000e+00	5.000000e+00	5.000047e+00
2.557924385919976e-09	0.000000e+00	5.000000e+00	5.000077e+00
2.592657761889444e-09	0.000000e+00	5.000000e+00	5.000064e+00
2.624177508526087e-09	0.000000e+00	5.000000e+00	5.000033e+00
2.660696445697889e-09	0.000000e+00	5.000000e+00	5.000006e+00
2.699758945697889e-09	0.000000e+00	5.000000e+00	4.999991e+00
2.738821445697889e-09	0.000000e+00	5.000000e+00	4.999987e+00
2.777883945697889e-09	0.000000e+00	5.000000e+00	4.999988e+00
2.816946445697889e-09	0.000000e+00	5.000000e+00	4.999990e+00
2.856008945697889e-09	0.000000e+00	5.000000e+00	4.999992e+00
2.895071445697889e-09	0.000000e+00	5.000000e+00	4.999995e+00
2.934133945697889e-09	0.000000e+00	5.000000e+00	4.999996e+00
2.973196445697889e-09	0.000000e+00	5.000000e+00	4.999997e+00
3.012258945697889e-09	0.000000e+00	5.000000e+00	4.999998e+00
3.051321445697889e-09	0.000000e+00	5.000000e+00	4.999999e+00
3.090383945697889e-09	0.000000e+00	5.000000e+00	4.999999e+00
3.129446445697889e-09	0.000000e+00	5.000000e+00	5.000000e+00
3.168508945697889e-09	0.000000e+00	5.000000e+00	5.000000e+00
3.207571445697889e-09	0.000000e+00	5.000000e+00	5.000000e+00
3.246633945697889e-09	0.000000e+00	5.000000e+00	5.000000e+00
3.285696445697890e-09	0.000000e+00	5.000000e+00	5.000000e+00
3.324758945697890e-09	0.000000e+00	5.000000e+00	5.000000e+00
3.363821445697890e-09	0.000000e+00	5.000000e+00	5.000000e+00
3.402883945697890e-09	0.000000e+00	5.000000e+00	5.000000e+00
3.441946445697890e-09	0.000000e+00	5.000000e+00	5.000000e+00
3.481008945697890e-09	0.000000e+00	5.000000e+00	5.000000e+00
3.520071445697890e-09	0.000000e+00	5.000000e+00	5.000000e+00
3.559133945697890e-09	0.000000e+00	5.000000e+00	5.000000e+00
3.598196445697890e-09	0.000000e+00	5.000000e+00	5.000000e+00
3.637258945697890e-09	0.000000e+00	5.000000e+00	5.000000e+00
3.676321445697890e-09	0.000000e+00	5.000000e+00	5.000000e+00
3.715383945697890e-09	0.000000e+00	5.000000e+00	5.000000e+00
3.754446445697890e-09	0.000000e+00	5.000000e+00	5.000000e+00
3.793508945697890e-09	0.000000e+00	5.000000e+00	5.000000e+00
3.832571445697889e-09	0.000000e+00	5.000000e+00	5.000000e+00
3.871633945697889e-09	0.000000e+00	5.000000e+00	5.000000e+00
3.910696445697888e-09	0.000000e+00	5.000000e+00	5.000000e+00
3.949758945697888e-09	0.000000e+00	5.000000e+00	5.000000e+00
3.988821445697888e-09	0.000000e+00	5.000000e+00	5.000000e+00
4.000000000000000e-09	0.000000e+00	5.000000e+00	5.000000e+00
4.000608070757325e-09	3.040354e-02	5.000000e+00	5.000019e+00
4.001824212271973e-09	9.121061e-02	5.000000e+00	5.000071e+00
4.004256495301271e-09	2.128248e-01	5.000000e+00	5.000186e+00
4.009121061359866e-09	4.560531e-01	5.000000e+00	5.000352e+00
4.018850193477056e-09	9.425097e-01	5.000000e+00	5.000542e+00
4.035498518259947e-09	1.774926e+00	5.000000e+00	5.000229e+00
4.058849854993095e-09	2.942493e+00	5.000000e+00	4.999052e+00
4.082604262845490e-09	4.130213e+00	5.000000e+00	4.997380e+00
4.100000000000000e-09	5.000000e+00	5.000000e+00	4.995707e+00
4.101739573715452e-09	5.000000e+00	5.000000e+00	4.995505e+00
4.105218721146353e-09	5.000000e+00	5.000000e+00	4.995125e+00
4.112177016008158e-09	5.000000e+00	5.000000e+00	4.994565e+00
4.126093605731766e-09	5.000000e+00	5.000000e+00	4.994106e+00
4.151163025085991e-09	5.000000e+00	5.000000e+00	4.994557e+00
4.190225525085991e-09	5.000000e+00	5.000000e+00	4.996809e+00
4.224530185085157e-09	5.000000e+00	5.000000e+00	5.001748e+00
4.260419491964918e-09	5.000000e+00	5.000000e+00	5.007946e+00
4.290091665533019e-09	5.000000e+00	5.000000e+00	5.008713e+00
4.324419127051123e-09	5.000000e+00	5.000000e+00	5.005800e+00
4.358509405308885e-09	5.000000e+00	5.000000e+00	5.002116e+00
4.394496045988128e-09	5.000000e+00	5.000000e+00	4.999694e+00
4.433558545988128e-09	5.000000e+00	5.000000e+00	4.998746e+00
4.472621045988127e-09	5.000000e+00	5.000000e+00	4.998674e+00
4.511683545988127e-09	5.000000e+00	5.000000e+00	4.998911e+00
4.550746045988127e-09	5.000000e+00	5.000000e+00	4.999178e+00
4.589808545988126e-09	5.000000e+00	5.000000e+00	4.999409e+00
4.628871045988126e-09	5.000000e+00	5.000000e+00	4.999575e+00
4.667933545988126e-09	5.000000e+00	5.000000e+00	4.999703e+00
4.706996045988125e-09	5.000000e+00	5.000000e+00	4.999788e+00
4.746058545988125e-09	5.000000e+00	5.000000e+00	4.999854e+00
4.785121045988124e-09	5.000000e+00	5.000000e+00	4.999894e+00
4.824183545988124e-09	5.000000e+00	5.000000e+00	4.999929e+00
4.863246045988124e-09	5.000000e+00	5.000000e+00	4.999947e+00
4.902308545988123e-09	5.000000e+00	5.000000e+00	4.999966e+00
4.941371045988123e-09	5.000000e+00	5.000000e+00	4.999973e+00
4.980433545988123e-09	5.000000e+00	5.000000e+00	4.999984e+00
5.019496045988122e-09	5.000000e+00	5.000000e+00	4.999986e+00
5.058558545988122e-09	5.000000e+00	5.000000e+00	4.999993e+00
5.097621045988121e-09	5.000000e+00	5.000000e+00	4.999992e+00
5.136683545988121e-09	5.000000e+00	5.000000e+00	4.999997e+00
5.175746045988121e-09	5.000000e+00	5.000000e+00	4.999995e+00
5.214808545988120e-09	5.000000e+00	5.000000e+00	5.000000e+00
5.253871045988120e-09	5.000000e+00	5.000000e+00	4.999997e+00
5.292933545988120e-09	5.000000e+00	5.000000e+00	5.000001e+00
5.331996045988119e-09	5.000000e+00	5.000000e+00	4.999998e+00
5.371058545988119e-09	5.000000e+00	5.000000e+00	5.000001e+00
5.410121045988118e-09	5.000000e+00	5.000000e+00	4.999998e+00
5.449183545988118e-09	5.000000e+00	5.000000e+00	5.000001e+00
5.488246045988118e-09	5.000000e+00	5.000000e+00	4.999998e+00
5.527308545988117e-09	5.000000e+00	5.000000e+00	5.000001e+00
5.566371045988117e-09	5.000000e+00	5.000000e+00	4.999998e+00
5.605433545988117e-09	5.000000e+00	5.000000e+00	5.000001e+00
5.644496045988116e-09	5.000000e+00	5.000000e+00	4.999998e+00
5.683558545988116e-09	5.000000e+00	5.000000e+00	5.000001e+00
5.722621045988115e-09	5.000000e+00	5.000000e+00	4.999998e+00
5.761683545988115e-09	5.000000e+00	5.000000e+00	5.000001e+00
5.800746045988115e-09	5.000000e+00	5.000000e+00	4.999998e+00
5.839808545988114e-09	5.000000e+00	5.000000e+00	5.000001e+00
5.878871045988114e-09	5.000000e+00	5.000000e+00	4.999998e+00
5.917933545988114e-09	5.000000e+00	5.000000e+00	5.000001e+00
5.956996045988113e-09	5.000000e+00	5.000000e+00	4.999999e+00
5.996058545988113e-09	5.000000e+00	5.000000e+00	5.000001e+00
6.035121045988112e-09	5.000000e+00	5.000000e+00	4.999999e+00
6.074183545988112e-09	5.000000e+00	5.000000e+00	5.000001e+00
6.113246045988112e-09	5.000000e+00	5.000000e+00	4.999999e+00
6.152308545988111e-09	5.000000e+00	5.000000e+00	5.000001e+00
6.191371045988111e-09	5.000000e+00	5.000000e+00	4.999999e+00
6.230433545988111e-09	5.000000e+00	5.000000e+00	5.000001e+00
6.269496045988110e-09	5.000000e+00	5.000000e+00	4.999999e+00
6.308558545988110e-09	5.000000e+00	5.000000e+00	5.000001e+00
6.347621045988109e-09	5.000000e+00	5.000000e+00	4.999999e+00
6.386683545988109e-09	5.000000e+00	5.000000e+00	5.000001e+00
6.425746045988109e-09	5.000000e+00	5.000000e+00	4.999999e+00
6.464808545988108e-09	5.000000e+00	5.000000e+00	5.000001e+00
6.503871045988108e-09	5.000000e+00	5.000000e+00	4.999999e+00
6.542933545988108e-09	5.000000e+00	5.000000e+00	5.000001e+00
6.581996045988107e-09	5.000000e+00	5.000000e+00	4.999999e+00
6.621058545988107e-09	5.000000e+00	5.000000e+00	5.000001e+00
6.660121045988106e-09	5.000000e+00	5.000000e+00	4.999999e+00
6.699183545988106e-09	5.000000e+00	5.000000e+00	5.000001e+00
6.738246045988106e-09	5.000000e+00	5.000000e+00	4.999999e+00
6.777308545988105e-09	5.000000e+00	5.000000e+00	5.000001e+00
6.816371045988105e-09	5.000000e+00	5.000000e+00	4.999999e+00
6.855433545988105e-09	5.000000e+00	5.000000e+00	5.000001e+00
6.894496045988104e-09	5.000000e+00	5.000000e+00	4.999999e+00
6.933558545988104e-09	5.000000e+00	5.000000e+00	5.000001e+00
6.972621045988103e-09	5.000000e+00	5.000000e+00	4.999999e+00
7.011683545988103e-09	5.000000e+00	5.000000e+00	5.000001e+00
7.050746045988103e-09	5.000000e+00	5.000000e+00	4.999999e+00
7.089808545988102e-09	5.000000e+00	5.000000e+00	5.000001e+00
7.100000000000001e-09	5.000000e+00	5.000000e+00	4.999999e+00
7.101019145401191e-09	5.000000e+00	4.949043e+00	5.000000e+00
7.103057436203570e-09	5.000000e+00	4.847128e+00	5.000000e+00
7.107134017808330e-09	5.000000e+00	4.643299e+00	5.000000e+00
7.115287181017849e-09	5.000000e+00	4.235641e+00	5.000000e+00
7.131593507436886e-09	5.000000e+00	3.420325e+00	5.000000e+00
7.149637428356890e-09	5.000000e+00	2.518129e+00	5.000001e+00
7.166991993066876e-09	5.000000e+00	1.650400e+00	5.000001e+00
7.196200113074690e-09	5.000000e+00	1.899944e-01	5.000002e+00
7.200000000000001e-09	5.000000e+00	0.000000e+00	5.000002e+00
7.200379988692532e-09	5.000000e+00	0.000000e+00	5.000002e+00
7.201139966077594e-09	5.000000e+00	0.000000e+00	5.000002e+00
7.202659920847718e-09	5.000000e+00	0.000000e+00	5.000002e+00
7.205699830387967e-09	5.000000e+00	0.000000e+00	5.000002e+00
7.211779649468463e-09	5.000000e+00	0.000000e+00	5.000002e+00
7.223939287629457e-09	5.000000e+00	0.000000e+00	5.000000e+00
7.248258563951445e-09	5.000000e+00	0.000000e+00	4.999997e+00
7.270891284429226e-09	5.000000e+00	0.000000e+00	4.999996e+00
7.298084460582940e-09	5.000000e+00	0.000000e+00	4.999998e+00
7.330397407719721e-09	5.000000e+00	0.000000e+00	5.000000e+00
7.368034138221568e-09	5.000000e+00	0.000000e+00	5.000001e+00
7.407096638221568e-09	5.000000e+00	0.000000e+00	5.000001e+00
7.446159138221567e-09	5.000000e+00	0.000000e+00	5.000001e+00
7.485221638221568e-09	5.000000e+00	0.000000e+00	5.000000e+00
7.524284138221567e-09	5.000000e+00	0.000000e+00	5.000000e+00
7.563346638221567e-09	5.000000e+00	0.000000e+00	5.000000e+00
7.602409138221567e-09	5.000000e+00	0.000000e+00	5.000000e+00
7.641471638221566e-09	5.000000e+00	0.000000e+00	5.000000e+00
7.680534138221566e-09	5.000000e+00	0.000000e+00	5.000000e+00
7.719596638221565e-09	5.000000e+00	0.000000e+00	5.000000e+00
7.758659138221565e-09	5.000000e+00	0.000000e+00	5.000000e+00
7.797721638221565e-09	5.000000e+00	0.000000e+00	5.000000e+00
7.836784138221564e-09	5.000000e+00	0.000000e+00	5.000000e+00
7.875846638221564e-09	5.000000e+00	0.000000e+00	5.000000e+00
7.914909138221564e-09	5.000000e+00	0.000000e+00	5.000000e+00
7.953971638221563e-09	5.000000e+00	0.000000e+00	5.000000e+00
7.993034138221563e-09	5.000000e+00	0.000000e+00	5.000000e+00
8.032096638221562e-09	5.000000e+00	0.000000e+00	5.000000e+00
8.071159138221562e-09	5.000000e+00	0.000000e+00	5.000000e+00
8.110221638221562e-09	5.000000e+00	0.000000e+00	5.000000e+00
8.149284138221561e-09	5.000000e+00	0.000000e+00	5.000000e+00
8.188346638221561e-09	5.000000e+00	0.000000e+00	5.000000e+00
8.227409138221561e-09	5.000000e+00	0.000000e+00	5.000000e+00
8.266471638221560e-09	5.000000e+00	0.000000e+00	5.000000e+00
8.305534138221560e-09	5.000000e+00	0.000000e+00	5.000000e+00
8.344596638221559e-09	5.000000e+00	0.000000e+00	5.000000e+00
8.383659138221559e-09	5.000000e+00	0.000000e+00	5.000000e+00
8.422721638221559e-09	5.000000e+00	0.000000e+00	5.000000e+00
8.461784138221558e-09	5.000000e+00	0.000000e+00	5.000000e+00
8.500846638221558e-09	5.000000e+00	0.000000e+00	5.000000e+00
8.539909138221558e-09	5.000000e+00	0.000000e+00	5.000000e+00
8.578971638221557e-09	5.000000e+00	0.000000e+00	5.000000e+00
8.618034138221557e-09	5.000000e+00	0.000000e+00	5.000000e+00
8.657096638221556e-09	5.000000e+00	0.000000e+00	5.000000e+00
8.696159138221556e-09	5.000000e+00	0.000000e+00	5.000000e+00
8.735221638221556e-09	5.000000e+00	0.000000e+00	5.000000e+00
8.774284138221555e-09	5.000000e+00	0.000000e+00	5.000000e+00
8.813346638221555e-09	5.000000e+00	0.000000e+00	5.000000e+00
8.852409138221555e-09	5.000000e+00	0.000000e+00	5.000000e+00
8.891471638221554e-09	5.000000e+00	0.000000e+00	5.000000e+00
8.930534138221554e-09	5.000000e+00	0.000000e+00	5.000000e+00
8.969596638221553e-09	5.000000e+00	0.000000e+00	5.000000e+00
9.008659138221553e-09	5.000000e+00	0.000000e+00	5.000000e+00
9.047721638221553e-09	5.000000e+00	0.000000e+00	5.000000e+00
9.086784138221552e-09	5.000000e+00	0.000000e+00	5.000000e+00
9.100000000000000e-09	5.000000e+00	0.000000e+00	5.000000e+00
9.101321586177845e-09	4.933921e+00	0.000000e+00	4.999979e+00
9.103964758533534e-09	4.801762e+00	0.000000e+00	4.999931e+00
9.109251103244913e-09	4.537445e+00	0.000000e+00	4.999856e+00
9.119177038158784e-09	4.041148e+00	0.000000e+00	4.999780e+00
9.132724055158408e-09	3.363797e+00	0.000000e+00	4.999952e+00
9.148915174533841e-09	2.554241e+00	0.000000e+00	5.000564e+00
9.170418288337456e-09	1.479086e+00	0.000000e+00	5.001701e+00
9.200000000000000e-09	3.907985e-14	0.000000e+00	5.005964e+00
9.200608070757324e-09	0.000000e+00	0.000000e+00	5.006081e+00
9.201824212271973e-09	0.000000e+00	0.000000e+00	5.006310e+00
9.204256495301272e-09	0.000000e+00	0.000000e+00	5.006713e+00
9.209121061359870e-09	0.000000e+00	0.000000e+00	5.007246e+00
9.218509055949145e-09	0.000000e+00	0.000000e+00	5.007469e+00
9.237285045127697e-09	0.000000e+00	0.000000e+00	5.005679e+00
9.264246652933862e-09	0.000000e+00	0.000000e+00	5.000863e+00
9.293695441156295e-09	0.000000e+00	0.000000e+00	4.996019e+00
9.332757941156294e-09	0.000000e+00	0.000000e+00	4.992992e+00
9.371820441156294e-09	0.000000e+00	0.000000e+00	4.993641e+00
9.410882941156293e-09	0.000000e+00	0.000000e+00	4.996367e+00
9.443780173572237e-09	0.000000e+00	0.000000e+00	4.999252e+00
9.478266629463462e-09	0.000000e+00	0.000000e+00	5.000898e+00
9.509096908433807e-09	0.000000e+00	0.000000e+00	5.001467e+00
9.543794988146373e-09	0.000000e+00	0.000000e+00	5.001564e+00
9.582266538314022e-09	0.000000e+00	0.000000e+00	5.001334e+00
9.614837142318972e-09	0.000000e+00	0.000000e+00	5.001030e+00
9.650326666598525e-09	0.000000e+00	0.000000e+00	5.000743e+00
9.683345051944086e-09	0.000000e+00	0.000000e+00	5.000573e+00
9.722407551944086e-09	0.000000e+00	0.000000e+00	5.000432e+00
9.761470051944085e-09	0.000000e+00	0.000000e+00	5.000330e+00
9.800532551944085e-09	0.000000e+00	0.000000e+00	5.000243e+00
9.839595051944084e-09	0.000000e+00	0.000000e+00	5.000179e+00
9.878657551944084e-09	0.000000e+00	0.000000e+00	5.000127e+00
9.917720051944084e-09	0.000000e+00	0.000000e+00	5.000093e+00
9.956782551944083e-09	0.000000e+00	0.000000e+00	5.000063e+00
9.995845051944083e-09	0.000000e+00	0.000000e+00	5.000047e+00
1.003490755194408e-08	0.000000e+00	0.000000e+00	5.000031e+00
1.007397005194408e-08	0.000000e+00	0.000000e+00	5.000024e+00
1.011303255194408e-08	0.000000e+00	0.000000e+00	5.000015e+00
1.015209505194408e-08	0.000000e+00	0.000000e+00	5.000013e+00
1.019115755194408e-08	0.000000e+00	0.000000e+00	5.000007e+00
1.023022005194408e-08	0.000000e+00	0.000000e+00	5.000007e+00
1.026928255194408e-08	0.000000e+00	0.000000e+00	5.000003e+00
1.030834505194408e-08	0.000000e+00	0.000000e+00	5.000004e+00
1.034740755194408e-08	0.000000e+00	0.000000e+00	5.000001e+00
1.038647005194408e-08	0.000000e+00	0.000000e+00	5.000002e+00
1.042553255194408e-08	0.000000e+00	0.000000e+00	5.000000e+00
1.046459505194408e-08	0.000000e+00	0.000000e+00	5.000002e+00
1.050365755194408e-08	0.000000e+00	0.000000e+00	5.000000e+00
1.054272005194408e-08	0.000000e+00	0.000000e+00	5.000001e+00
1.058178255194408e-08	0.000000e+00	0.000000e+00	4.999999e+00
1.062084505194408e-08	0.000000e+00	0.000000e+00	5.000001e+00
1.065990755194408e-08	0.000000e+00	0.000000e+00	4.999999e+00
1.069897005194408e-08	0.000000e+00	0.000000e+00	5.000001e+00
1.073803255194408e-08	0.000000e+00	0.000000e+00	4.999999e+00
1.077709505194408e-08	0.000000e+00	0.000000e+00	5.000001e+00
1.081615755194408e-08	0.000000e+00	0.000000e+00	4.999999e+00
1.085522005194407e-08	0.000000e+00	0.000000e+00	5.000001e+00
1.089428255194407e-08	0.000000e+00	0.000000e+00	4.999999e+00
1.093334505194407e-08	0.000000e+00	0.000000e+00	5.000001e+00
1.097240755194407e-08	0.000000e+00	0.000000e+00	4.999999e+00
1.101147005194407e-08	0.000000e+00	0.000000e+00	5.000001e+00
1.105053255194407e-08	0.000000e+00	0.000000e+00	4.999999e+00
1.108959505194407e-08	0.000000e+00	0.000000e+00	5.000001e+00
1.112865755194407e-08	0.000000e+00	0.000000e+00	4.999999e+00
1.116772005194407e-08	0.000000e+00	0.000000e+00	5.000001e+00
1.120678255194407e-08	0.000000e+00	0.000000e+00	4.999999e+00
1.124584505194407e-08	0.000000e+00	0.000000e+00	5.000001e+00
1.128490755194407e-08	0.000000e+00	0.000000e+00	4.999999e+00
1.132397005194407e-08	0.000000e+00	0.000000e+00	5.000001e+00
1.136303255194407e-08	0.000000e+00	0.000000e+00	4.999999e+00
1.140209505194407e-08	0.000000e+00	0.000000e+00	5.000001e+00
1.144115755194407e-08	0.000000e+00	0.000000e+00	4.999999e+00
1.148022005194407e-08	0.000000e+00	0.000000e+00	5.000001e+00
1.151928255194407e-08	0.000000e+00	0.000000e+00	4.999999e+00
1.155834505194407e-08	0.000000e+00	0.000000e+00	5.000001e+00
1.159740755194407e-08	0.000000e+00	0.000000e+00	4.999999e+00
1.163647005194407e-08	0.000000e+00	0.000000e+00	5.000000e+00
1.167553255194407e-08	0.000000e+00	0.000000e+00	4.999999e+00
1.171459505194407e-08	0.000000e+00	0.000000e+00	5.000000e+00
1.175365755194407e-08	0.000000e+00	0.000000e+00	4.999999e+00
1.179272005194407e-08	0.000000e+00	0.000000e+00	5.000000e+00
1.183178255194407e-08	0.000000e+00	0.000000e+00	4.999999e+00
1.187084505194406e-08	0.000000e+00	0.000000e+00	5.000000e+00
1.190990755194406e-08	0.000000e+00	0.000000e+00	4.999999e+00
1.194897005194406e-08	0.000000e+00	0.000000e+00	5.000000e+00
1.198803255194406e-08	0.000000e+00	0.000000e+00	4.999999e+00
1.202709505194406e-08	0.000000e+00	0.000000e+00	5.000000e+00
1.206615755194406e-08	0.000000e+00	0.000000e+00	4.999999e+00
1.210522005194406e-08	0.000000e+00	0.000000e+00	5.000000e+00
1.214428255194406e-08	0.000000e+00	0.000000e+00	5.000000e+00
1.218334505194406e-08	0.000000e+00	0.000000e+00	5.000000e+00
1.222240755194406e-08	0.000000e+00	0.000000e+00	5.000000e+00
1.226147005194406e-08	0.000000e+00	0.000000e+00	5.000000e+00
1.230053255194406e-08	0.000000e+00	0.000000e+00	5.000000e+00
1.233959505194406e-08	0.000000e+00	0.000000e+00	5.000000e+00
1.237865755194406e-08	0.000000e+00	0.000000e+00	5.000000e+00
1.241772005194406e-08	0.000000e+00	0.000000e+00	5.000000e+00
1.245678255194406e-08	0.000000e+00	0.000000e+00	5.000000e+00
1.249584505194406e-08	0.000000e+00	0.000000e+00	5.000000e+00
1.253490755194406e-08	0.000000e+00	0.000000e+00	5.000000e+00
1.257397005194406e-08	0.000000e+00	0.000000e+00	5.000000e+00
1.261303255194406e-08	0.000000e+00	0.000000e+00	5.000000e+00
1.265209505194406e-08	0.000000e+00	0.000000e+00	5.000000e+00
1.269115755194406e-08	0.000000e+00	0.000000e+00	5.000000e+00
1.273022005194406e-08	0.000000e+00	0.000000e+00	5.000000e+00
1.276928255194406e-08	0.000000e+00	0.000000e+00	5.000000e+00
1.280834505194406e-08	0.000000e+00	0.000000e+00	5.000000e+00
1.284740755194406e-08	0.000000e+00	0.000000e+00	5.000000e+00
1.288647005194406e-08	0.000000e+00	0.000000e+00	5.000000e+00
1.292553255194405e-08	0.000000e+00	0.000000e+00	5.000000e+00
1.296459505194405e-08	0.000000e+00	0.000000e+00	5.000000e+00
1.300365755194405e-08	0.000000e+00	0.000000e+00	5.000000e+00
1.304272005194405e-08	0.000000e+00	0.000000e+00	5.000000e+00
1.308178255194405e-08	0.000000e+00	0.000000e+00	5.000000e+00
1.312084505194405e-08	0.000000e+00	0.000000e+00	5.000000e+00
1.315990755194405e-08	0.000000e+00	0.000000e+00	5.000000e+00
1.319897005194405e-08	0.000000e+00	0.000000e+00	5.000000e+00
1.323803255194405e-08	0.000000e+00	0.000000e+00	5.000000e+00
1.327709505194405e-08	0.000000e+00	0.000000e+00	5.000000e+00
1.331615755194405e-08	0.000000e+00	0.000000e+00	5.000000e+00
1.335522005194405e-08	0.000000e+00	0.000000e+00	5.000000e+00
1.339428255194405e-08	0.000000e+00	0.000000e+00	5.000000e+00
1.343334505194405e-08	0.000000e+00	0.000000e+00	5.000000e+00
1.347240755194405e-08	0.000000e+00	0.000000e+00	5.000000e+00
1.351147005194405e-08	0.000000e+00	0.000000e+00	5.000000e+00
1.355053255194405e-08	0.000000e+00	0.000000e+00	5.000000e+00
1.358959505194405e-08	0.000000e+00	0.000000e+00	5.000000e+00
1.362865755194405e-08	0.000000e+00	0.000000e+00	5.000000e+00
1.366772005194405e-08	0.000000e+00	0.000000e+00	5.000000e+00
1.370678255194405e-08	0.000000e+00	0.000000e+00	5.000000e+00
1.374584505194405e-08	0.000000e+00	0.000000e+00	5.000000e+00
1.378490755194405e-08	0.000000e+00	0.000000e+00	5.000000e+00
1.382397005194405e-08	0.000000e+00	0.000000e+00	5.000000e+00
1.386303255194405e-08	0.000000e+00	0.000000e+00	5.000000e+00
1.390209505194405e-08	0.000000e+00	0.000000e+00	5.000000e+00
1.394115755194405e-08	0.000000e+00	0.000000e+00	5.000000e+00
1.398022005194404e-08	0.000000e+00	0.000000e+00	5.000000e+00
1.400000000000000e-08	0.000000e+00	0.000000e+00	5.000000e+00
1.400060807075732e-08	3.040354e-02	0.000000e+00	5.000019e+00
1.400182421227197e-08	9.121061e-02	0.000000e+00	5.000071e+00
1.400425649530127e-08	2.128248e-01	0.000000e+00	5.000186e+00
1.400912106135987e-08	4.560531e-01	0.000000e+00	5.000353e+00
1.401885019347706e-08	9.425097e-01	0.000000e+00	5.000542e+00
1.403549807847676e-08	1.774904e+00	0.000000e+00	5.000228e+00
1.405885241158387e-08	2.942621e+00	0.000000e+00	4.999051e+00
1.408508432251101e-08	4.254216e+00	0.000000e+00	4.997170e+00
1.410000000000000e-08	5.000000e+00	0.000000e+00	4.995749e+00
1.410149156774890e-08	5.000000e+00	0.000000e+00	4.995596e+00
1.410447470324670e-08	5.000000e+00	0.000000e+00	4.995356e+00
1.411044097424230e-08	5.000000e+00	0.000000e+00	4.995344e+00
1.412237351623349e-08	5.000000e+00	0.000000e+00	4.996932e+00
1.414623860021588e-08	5.000000e+00	0.000000e+00	5.004173e+00
1.418530110021588e-08	5.000000e+00	0.000000e+00	5.021457e+00
1.422436360021588e-08	5.000000e+00	0.000000e+00	5.043963e+00
1.426111132747627e-08	5.000000e+00	0.000000e+00	5.011179e+00
1.429189989242061e-08	5.000000e+00	0.000000e+00	4.899581e+00
1.432691189839573e-08	5.000000e+00	0.000000e+00	4.683625e+00
1.436120838050259e-08	5.000000e+00	0.000000e+00	4.350501e+00
1.439840274805343e-08	5.000000e+00	0.000000e+00	3.808083e+00
1.443746524805342e-08	5.000000e+00	0.000000e+00	3.028013e+00
1.447652774805342e-08	5.000000e+00	0.000000e+00	2.115010e+00
1.451559024805342e-08	5.000000e+00	0.000000e+00	1.213506e+00
1.455368433545958e-08	5.000000e+00	0.000000e+00	5.998786e-01
1.458939280198725e-08	5.000000e+00	0.000000e+00	3.181200e-01
1.462234655099756e-08	5.000000e+00	0.000000e+00	1.718256e-01
1.465543936092964e-08	5.000000e+00	0.000000e+00	8.814887e-02
1.469450186092964e-08	5.000000e+00	0.000000e+00	3.929328e-02
1.473356436092964e-08	5.000000e+00	0.000000e+00	1.796075e-02
1.477262686092964e-08	5.000000e+00	0.000000e+00	9.231856e-03
1.481168936092964e-08	5.000000e+00	0.000000e+00	5.083709e-03
1.485075186092964e-08	5.000000e+00	0.000000e+00	3.379003e-03
1.488981436092964e-08	5.000000e+00	0.000000e+00	2.145914e-03
1.492887686092964e-08	5.000000e+00	0.000000e+00	1.699526e-03
1.496793936092964e-08	5.000000e+00	0.000000e+00	1.087458e-03
1.500700186092964e-08	5.000000e+00	0.000000e+00	9.654107e-04
1.504606436092964e-08	5.000000e+00	0.000000e+00	5.689404e-04
1.508512686092964e-08	5.000000e+00	0.000000e+00	5.765411e-04
1.512418936092964e-08	5.000000e+00	0.000000e+00	2.876008e-04
1.516325186092964e-08	5.000000e+00	0.000000e+00	3.584273e-04
1.520231436092964e-08	5.000000e+00	0.000000e+00	1.313772e-04
1.524137686092964e-08	5.000000e+00	0.000000e+00	2.336655e-04
1.528043936092964e-08	5.000000e+00	0.000000e+00	4.469956e-05
1.531950186092964e-08	5.000000e+00	0.000000e+00	1.614662e-04
1.535856436092964e-08	5.000000e+00	0.000000e+00	-2.820832e-06
1.539762686092964e-08	5.000000e+00	0.000000e+00	1.191019e-04
1.543668936092964e-08	5.000000e+00	0.000000e+00	-2.823906e-05
1.547575186092964e-08	5.000000e+00	0.000000e+00	9.428760e-05
1.551481436092964e-08	5.000000e+00	0.000000e+00	-4.101477e-05
1.555387686092964e-08	5.000000e+00	0.000000e+00	7.885334e-05
1.559293936092964e-08	5.000000e+00	0.000000e+00	-4.689090e-05
1.563200186092964e-08	5.000000e+00	0.000000e+00	6.970813e-05
1.567106436092964e-08	5.000000e+00	0.000000e+00	-4.763563e-05
1.571012686092963e-08	5.000000e+00	0.000000e+00	6.299602e-05
1.574918936092963e-08	5.000000e+00	0.000000e+00	-4.754091e-05
1.578825186092963e-08	5.000000e+00	0.000000e+00	5.769612e-05
1.582731436092963e-08	5.000000e+00	0.000000e+00	-4.642379e-05
1.586637686092963e-08	5.000000e+00	0.000000e+00	5.344621e-05
1.590543936092963e-08	5.000000e+00	0.000000e+00	-4.470992e-05
1.594450186092963e-08	5.000000e+00	0.000000e+00	4.986919e-05
1.598356436092963e-08	5.000000e+00	0.000000e+00	-4.271078e-05
1.602262686092963e-08	5.000000e+00	0.000000e+00	4.671538e-05
1.606168936092963e-08	5.000000e+00	0.000000e+00	-4.057387e-05
1.610075186092963e-08	5.000000e+00	0.000000e+00	4.388228e-05
1.613981436092963e-08	5.000000e+00	0.000000e+00	-3.840970e-05
1.617887686092963e-08	5.000000e+00	0.000000e+00	4.126166e-05
1.621793936092963e-08	5.000000e+00	0.000000e+00	-3.627837e-05
1.625700186092963e-08	5.000000e+00	0.000000e+00	3.880950e-05
1.629606436092963e-08	5.000000e+00	0.000000e+00	-3.420677e-05
1.633512686092963e-08	5.000000e+00	0.000000e+00	3.649549e-05
1.637418936092963e-08	5.000000e+00	0.000000e+00	-3.220780e-05
1.641325186092963e-08	5.000000e+00	0.000000e+00	3.430221e-05
1.645231436092963e-08	5.000000e+00	0.000000e+00	-3.028721e-05
1.649137686092963e-08	5.000000e+00	0.000000e+00	3.221763e-05
1.653043936092963e-08	5.000000e+00	0.000000e+00	-2.844691e-05
1.656950186092963e-08	5.000000e+00	0.000000e+00	3.023302e-05
1.660856436092963e-08	5.000000e+00	0.000000e+00	-2.668639e-05
1.664762686092963e-08	5.000000e+00	0.000000e+00	2.834176e-05
1.668668936092963e-08	5.000000e+00	0.000000e+00	-2.500383e-05
1.672575186092962e-08	5.000000e+00	0.000000e+00	2.653846e-05
1.676481436092962e-08	5.000000e+00	0.000000e+00	-2.339677e-05
1.680387686092962e-08	5.000000e+00	0.000000e+00	2.481845e-05
1.684293936092962e-08	5.000000e+00	0.000000e+00	-2.186244e-05
1.688200186092962e-08	5.000000e+00	0.000000e+00	2.317763e-05
1.692106436092962e-08	5.000000e+00	0.000000e+00	-2.039792e-05
1.696012686092962e-08	5.000000e+00	0.000000e+00	2.161224e-05
1.699918936092962e-08	5.000000e+00	0.000000e+00	-1.900029e-05
1.700000000000000e-08	5.000000e+00	0.000000e+00	-7.898000e-07
1.700008106390704e-08	5.000000e+00	4.053195e-03	5.614082e-06
1.700024319172112e-08	5.000000e+00	1.215959e-02	5.763144e-06
1.700056744734927e-08	5.000000e+00	2.837237e-02	5.909011e-07
1.700121595860557e-08	5.000000e+00	6.079793e-02	1.894612e-06
1.700251298111818e-08	5.000000e+00	1.256490e-01	4.661487e-07
1.700510702614340e-08	5.000000e+00	2.553513e-01	1.951273e-06
1.701029511619384e-08	5.000000e+00	5.147558e-01	5.098917e-07
1.702067129629472e-08	5.000000e+00	1.033565e+00	1.697827e-06
1.703680386510427e-08	5.000000e+00	1.840193e+00	-2.329049e-07
1.705703719061593e-08	5.000000e+00	2.851860e+00	6.583072e-07
1.708186101443518e-08	5.000000e+00	4.093051e+00	-1.185660e-06
1.710000000000000e-08	5.000000e+00	5.000000e+00	-3.370952e-08
1.710181389855649e-08	5.000000e+00	5.000000e+00	-7.739735e-07
1.710544169566945e-08	5.000000e+00	5.000000e+00	-8.303721e-07
1.711269728989538e-08	5.000000e+00	5.000000e+00	-7.713098e-07
1.712720847834724e-08	5.000000e+00	5.000000e+00	-3.954075e-07
1.715623085525096e-08	5.000000e+00	5.000000e+00	6.186200e-07
1.718104273077271e-08	5.000000e+00	5.000000e+00	1.342316e-06
1.720947166682168e-08	5.000000e+00	5.000000e+00	1.493333e-06
1.723653567822913e-08	5.000000e+00	5.000000e+00	8.478341e-07
1.726893484492653e-08	5.000000e+00	5.000000e+00	-4.244204e-09
1.730422036445265e-08	5.000000e+00	5.000000e+00	-5.090864e-07
1.734328286445265e-08	5.000000e+00	5.000000e+00	-5.265770e-07
1.738234536445265e-08	5.000000e+00	5.000000e+00	-3.574052e-07
1.742140786445265e-08	5.000000e+00	5.000000e+00	-1.608726e-07
1.746047036445265e-08	5.000000e+00	5.000000e+00	-5.544399e-08
1.749953286445265e-08	5.000000e+00	5.000000e+00	1.929857e-08
1.753859536445265e-08	5.000000e+00	5.000000e+00	3.126431e-08
1.757765786445265e-08	5.000000e+00	5.000000e+00	5.139716e-08
1.761672036445265e-08	5.000000e+00	5.000000e+00	3.635582e-08
1.765578286445265e-08	5.000000e+00	5.000000e+00	4.479490e-08
1.769484536445265e-08	5.000000e+00	5.000000e+00	2.589640e-08
1.773390786445265e-08	5.000000e+00	5.000000e+00	3.419963e-08
1.777297036445265e-08	5.000000e+00	5.000000e+00	1.653879e-08
1.781203286445265e-08	5.000000e+00	5.000000e+00	2.692048e-08
1.785109536445265e-08	5.000000e+00	5.000000e+00	1.098390e-08
1.789015786445265e-08	5.000000e+00	5.000000e+00	2.236915e-08
1.792922036445265e-08	5.000000e+00	5.000000e+00	7.397981e-09
1.796828286445265e-08	5.000000e+00	5.000000e+00	1.966384e-08
1.800734536445265e-08	5.000000e+00	5.000000e+00	5.348839e-09
1.804640786445265e-08	5.000000e+00	5.000000e+00	1.815683e-08
1.808547036445264e-08	5.000000e+00	5.000000e+00	4.219219e-09
1.812453286445264e-08	5.000000e+00	5.000000e+00	1.733317e-08
1.816359536445264e-08	5.000000e+00	5.000000e+00	3.605242e-09
1.820265786445264e-08	5.000000e+00	5.000000e+00	1.688666e-08
1.824172036445264e-08	5.000000e+00	5.000000e+00	3.275113e-09
1.828078286445264e-08	5.000000e+00	5.000000e+00	1.664511e-08
1.831984536445264e-08	5.000000e+00	5.000000e+00	3.100031e-09
1.835890786445264e-08	5.000000e+00	5.000000e+00	1.651373e-08
1.839797036445264e-08	5.000000e+00	5.000000e+00	3.009226e-09
1.843703286445264e-08	5.000000e+00	5.000000e+00	1.644077e-08
1.847609536445264e-08	5.000000e+00	5.000000e+00	2.964331e-09
1.851515786445264e-08	5.000000e+00	5.000000e+00	1.639832e-08
1.855422036445264e-08	5.000000e+00	5.000000e+00	2.944647e-09
1.859328286445264e-08	5.000000e+00	5.000000e+00	1.637149e-08
1.863234536445264e-08	5.000000e+00	5.000000e+00	2.938915e-09
1.867140786445264e-08	5.000000e+00	5.000000e+00	1.635222e-08
1.871047036445264e-08	5.000000e+00	5.000000e+00	2.941343e-09
1.874953286445264e-08	5.000000e+00	5.000000e+00	1.633641e-08
1.878859536445264e-08	5.000000e+00	5.000000e+00	2.948468e-09
1.882765786445264e-08	5.000000e+00	5.000000e+00	1.632172e-08
1.886672036445264e-08	5.000000e+00	5.000000e+00	2.958635e-09
1.890578286445264e-08	5.000000e+00	5.000000e+00	1.630726e-08
1.894484536445264e-08	5.000000e+00	5.000000e+00	2.970907e-09
1.898390786445264e-08	5.000000e+00	5.000000e+00	1.629229e-08
1.902297036445264e-08	5.000000e+00	5.000000e+00	2.984695e-09
1.906203286445264e-08	5.000000e+00	5.000000e+00	1.627657e-08
1.910000000000000e-08	5.000000e+00	5.000000e+00	2.999917e-09
1.910303223700569e-08	4.848388e+00	5.000000e+00	-6.136606e-05
1.910909671101707e-08	4.545165e+00	5.000000e+00	-1.725551e-04
1.912122565903984e-08	3.938717e+00	5.000000e+00	-2.727888e-04
1.913661387936498e-08	3.169306e+00	5.000000e+00	6.003211e-05
1.915343382779844e-08	2.328309e+00	5.000000e+00	9.083046e-04
1.918021395873238e-08	9.893020e-01	5.000000e+00	3.078772e-03
1.920000000000000e-08	0.000000e+00	5.000000e+00	5.025413e-03
1.920060807075733e-08	0.000000e+00	5.000000e+00	5.089268e-03
1.920182421227197e-08	0.000000e+00	5.000000e+00	5.221124e-03
1.920425649530127e-08	0.000000e+00	5.000000e+00	5.464507e-03
1.920912106135987e-08	0.000000e+00	5.000000e+00	5.826673e-03
1.921867815252171e-08	0.000000e+00	5.000000e+00	6.153467e-03
1.923779233484541e-08	0.000000e+00	5.000000e+00	5.627110e-03
1.926472046206634e-08	0.000000e+00	5.000000e+00	3.602783e-03
1.929392812133283e-08	0.000000e+00	5.000000e+00	2.736016e-04
1.933299062133283e-08	0.000000e+00	5.000000e+00	-4.080419e-03
1.937169945658071e-08	0.000000e+00	5.000000e+00	-6.039638e-03
1.941076195658071e-08	0.000000e+00	5.000000e+00	-5.766933e-03
1.944254057276018e-08	0.000000e+00	5.000000e+00	-3.894863e-03
1.947663241792441e-08	0.000000e+00	5.000000e+00	-1.630188e-03
1.950659155494858e-08	0.000000e+00	5.000000e+00	-2.665916e-04
1.954071053118699e-08	0.000000e+00	5.000000e+00	5.723487e-04
1.956963153032811e-08	0.000000e+00	5.000000e+00	8.806571e-04
1.959398811859001e-08	0.000000e+00	5.000000e+00	9.887862e-04
1.962225664485950e-08	0.000000e+00	5.000000e+00	9.883045e-04
1.965197340149007e-08	0.000000e+00	5.000000e+00	9.010992e-04
1.968585477004810e-08	0.000000e+00	5.000000e+00	7.458087e-04
1.971841772397232e-08	0.000000e+00	5.000000e+00	6.030276e-04
1.975748022397232e-08	0.000000e+00	5.000000e+00	4.522589e-04
1.979654272397232e-08	0.000000e+00	5.000000e+00	3.421155e-04
1.983560522397232e-08	0.000000e+00	5.000000e+00	2.541610e-04
1.987466772397232e-08	0.000000e+00	5.000000e+00	1.939790e-04
1.991373022397232e-08	0.000000e+00	5.000000e+00	1.437069e-04
1.995279272397232e-08	0.000000e+00	5.000000e+00	1.110511e-04
1.999185522397232e-08	0.000000e+00	5.000000e+00	8.148067e-05
2.003091772397232e-08	0.000000e+00	5.000000e+00	6.398234e-05
2.006998022397232e-08	0.000000e+00	5.000000e+00	4.608047e-05
2.010904272397232e-08	0.000000e+00	5.000000e+00	3.709070e-05
2.014810522397232e-08	0.000000e+00	5.000000e+00	2.587925e-05
2.018716772397232e-08	0.000000e+00	5.000000e+00	2.168149e-05
2.022623022397232e-08	0.000000e+00	5.000000e+00	1.435455e-05
2.026529272397232e-08	0.000000e+00	5.000000e+00	1.284048e-05
2.030435522397231e-08	0.000000e+00	5.000000e+00	7.790662e-06
2.034341772397231e-08	0.000000e+00	5.000000e+00	7.757422e-06
2.038248022397231e-08	0.000000e+00	5.000000e+00	4.062013e-06
2.042154272397231e-08	0.000000e+00	5.000000e+00	4.825225e-06
2.046060522397231e-08	0.000000e+00	5.000000e+00	1.953893e-06
2.049966772397231e-08	0.000000e+00	5.000000e+00	3.168092e-06
2.053873022397231e-08	0.000000e+00	5.000000e+00	8.287254e-07
2.057779272397231e-08	0.000000e+00	5.000000e+00	2.178140e-06
2.061685522397231e-08	0.000000e+00	5.000000e+00	1.630980e-07
2.065591772397231e-08	0.000000e+00	5.000000e+00	1.576145e-06
2.069498022397231e-08	0.000000e+00	5.000000e+00	-2.021150e-07
2.073404272397231e-08	0.000000e+00	5.000000e+00	1.215101e-06
2.077310522397231e-08	0.000000e+00	5.000000e+00	-3.904994e-07
2.081216772397231e-08	0.000000e+00	5.000000e+00	9.914764e-07
2.085123022397231e-08	0.000000e+00	5.000000e+00	-4.791924e-07
2.089029272397231e-08	0.000000e+00	5.000000e+00	8.447954e-07
2.092935522397231e-08	0.000000e+00	5.000000e+00	-5.149239e-07
2.096841772397231e-08	0.000000e+00	5.000000e+00	7.407473e-07
2.100748022397231e-08	0.000000e+00	5.000000e+00	-5.163148e-07
2.104654272397231e-08	0.000000e+00	5.000000e+00	6.678576e-07
2.108560522397231e-08	0.000000e+00	5.000000e+00	-5.006816e-07
2.112466772397231e-08	0.000000e+00	5.000000e+00	6.094048e-07
2.116373022397231e-08	0.000000e+00	5.000000e+00	-4.779837e-07
2.120279272397231e-08	0.000000e+00	5.000000e+00	5.602076e-07
2.124185522397231e-08	0.000000e+00	5.000000e+00	-4.515136e-07
2.128091772397231e-08	0.000000e+00	5.000000e+00	5.175812e-07
2.131998022397230e-08	0.000000e+00	5.000000e+00	-4.232992e-07
2.135904272397230e-08	0.000000e+00	5.000000e+00	4.794468e-07
2.139810522397230e-08	0.000000e+00	5.000000e+00	-3.947662e-07
2.143716772397230e-08	0.000000e+00	5.000000e+00	4.446058e-07
2.147623022397230e-08	0.000000e+00	5.000000e+00	-3.667234e-07
2.151529272397230e-08	0.000000e+00	5.000000e+00	4.123465e-07
2.155435522397230e-08	0.000000e+00	5.000000e+00	-3.395952e-07
2.159341772397230e-08	0.000000e+00	5.000000e+00	3.822294e-07
2.163248022397230e-08	0.000000e+00	5.000000e+00	-3.135919e-07
2.167154272397230e-08	0.000000e+00	5.000000e+00	3.539710e-07
2.171060522397230e-08	0.000000e+00	5.000000e+00	-2.888031e-07
2.174966772397230e-08	0.000000e+00	5.000000e+00	3.273780e-07
2.178873022397230e-08	0.000000e+00	5.000000e+00	-2.652978e-07
2.182779272397230e-08	0.000000e+00	5.000000e+00	3.023136e-07
2.186685522397230e-08	0.000000e+00	5.000000e+00	-2.429940e-07
2.190591772397230e-08	0.000000e+00	5.000000e+00	2.787104e-07
2.194498022397230e-08	0.000000e+00	5.000000e+00	-2.219530e-07
2.198404272397230e-08	0.000000e+00	5.000000e+00	2.562165e-07
2.202310522397230e-08	0.000000e+00	5.000000e+00	-2.021673e-07
2.206216772397230e-08	0.000000e+00	5.000000e+00	2.350568e-07
2.210000000000001e-08	0.000000e+00	5.000000e+00	-1.829003e-07
2.210305200048091e-08	0.000000e+00	4.847400e+00	-1.690872e-07
2.210915600144272e-08	0.000000e+00	4.542200e+00	-3.955278e-07
2.212136400336634e-08	0.000000e+00	3.931800e+00	-5.171809e-07
2.213636662480618e-08	0.000000e+00	3.181669e+00	5.585895e-07
2.215717159056847e-08	0.000000e+00	2.141420e+00	2.772104e-06
2.218209145609081e-08	0.000000e+00	8.954272e-01	5.209997e-06
2.220000000000001e-08	0.000000e+00	0.000000e+00	5.708936e-06
2.220179085439093e-08	0.000000e+00	0.000000e+00	5.690538e-06
2.220537256317277e-08	0.000000e+00	0.000000e+00	5.538652e-06
2.221253598073645e-08	0.000000e+00	0.000000e+00	4.598423e-06
2.222634943471181e-08	0.000000e+00	0.000000e+00	1.516355e-06
2.225397634266253e-08	0.000000e+00	0.000000e+00	-4.571978e-06
2.228551119565586e-08	0.000000e+00	0.000000e+00	-7.016405e-06
2.232457369565586e-08	0.000000e+00	0.000000e+00	-5.147200e-06
2.236363619565586e-08	0.000000e+00	0.000000e+00	-1.318181e-06
2.240269869565586e-08	0.000000e+00	0.000000e+00	6.668890e-06
2.244176119565586e-08	0.000000e+00	0.000000e+00	1.478165e-05
2.248082369565586e-08	0.000000e+00	0.000000e+00	2.099215e-05
2.251988619565586e-08	0.000000e+00	0.000000e+00	3.852279e-05
2.255894869565586e-08	0.000000e+00	0.000000e+00	4.084282e-05
2.259801119565586e-08	0.000000e+00	0.000000e+00	-1.569039e-05
2.262987703626564e-08	0.000000e+00	0.000000e+00	-6.248878e-05
2.266294686611746e-08	0.000000e+00	0.000000e+00	-6.455014e-05
2.270200936611746e-08	0.000000e+00	0.000000e+00	-3.665997e-05
2.274107186611746e-08	0.000000e+00	0.000000e+00	-1.051689e-05
2.278013436611746e-08	0.000000e+00	0.000000e+00	3.527065e-06
2.281919686611746e-08	0.000000e+00	0.000000e+00	8.615178e-06
2.285825936611746e-08	0.000000e+00	0.000000e+00	9.298165e-06
2.289732186611746e-08	0.000000e+00	0.000000e+00	8.240601e-06
2.293638436611746e-08	0.000000e+00	0.000000e+00	6.733372e-06
2.297544686611746e-08	0.000000e+00	0.000000e+00	5.296150e-06
2.301450936611746e-08	0.000000e+00	0.000000e+00	4.087270e-06
2.305357186611746e-08	0.000000e+00	0.000000e+00	3.122195e-06
2.309263436611746e-08	0.000000e+00	0.000000e+00	2.373153e-06
2.313169686611746e-08	0.000000e+00	0.000000e+00	1.799510e-06
2.317075936611746e-08	0.000000e+00	0.000000e+00	1.362833e-06
2.320982186611746e-08	0.000000e+00	0.000000e+00	1.032182e-06
2.324888436611746e-08	0.000000e+00	0.000000e+00	7.814393e-07
2.328794686611746e-08	0.000000e+00	0.000000e+00	5.926316e-07
2.332700936611746e-08	0.000000e+00	0.000000e+00	4.491558e-07
2.336607186611745e-08	0.000000e+00	0.000000e+00	3.417870e-07
2.340513436611745e-08	0.000000e+00	0.000000e+00	2.596548e-07
2.344419686611745e-08	0.000000e+00	0.000000e+00	1.988404e-07
2.348325936611745e-08	0.000000e+00	0.000000e+00	1.516588e-07
2.352232186611745e-08	0.000000e+00	0.000000e+00	1.174479e-07
2.356138436611745e-08	0.000000e+00	0.000000e+00	9.013664e-08
2.360044686611745e-08	0.000000e+00	0.000000e+00	7.110851e-08
2.363950936611745e-08	0.000000e+00	0.000000e+00	5.507409e-08
2.367857186611745e-08	0.000000e+00	0.000000e+00	4.476423e-08
2.371763436611745e-08	0.000000e+00	0.000000e+00	3.510788e-08
2.375669686611745e-08	0.000000e+00	0.000000e+00	2.931419e-08
2.379575936611745e-08	0.000000e+00	0.000000e+00	2.326339e-08
2.383482186611745e-08	0.000000e+00	0.000000e+00	2.102085e-08
2.387388436611745e-08	0.000000e+00	0.000000e+00	1.702958e-08
2.391294686611745e-08	0.000000e+00	0.000000e+00	1.644280e-08
2.395200936611745e-08	0.000000e+00	0.000000e+00	1.362248e-08
2.399107186611745e-08	0.000000e+00	0.000000e+00	1.395055e-08
2.400000000000000e-08	0.000000e+00	0.000000e+00	1.206537e-08
2.400060807075732e-08	3.040354e-02	0.000000e+00	8.514766e-06
2.400182421227197e-08	9.121061e-02	0.000000e+00	3.270029e-05
2.400425649530127e-08	2.128248e-01	0.000000e+00	8.547184e-05
2.400912106135986e-08	4.560531e-01	0.000000e+00	1.631570e-04
2.401885019347705e-08	9.425097e-01	0.000000e+00	2.544929e-04
2.403549731007461e-08	1.774866e+00	0.000000e+00	1.180850e-04
2.405885154830613e-08	2.942577e+00	0.000000e+00	-4.556119e-04
2.408495459254808e-08	4.247730e+00	0.000000e+00	-1.413616e-03
2.410000000000000e-08	5.000000e+00	0.000000e+00	-2.291895e-03
2.410150454074519e-08	5.000000e+00	0.000000e+00	-2.452689e-03
2.410451362223557e-08	5.000000e+00	0.000000e+00	-2.776530e-03
2.411053178521634e-08	5.000000e+00	0.000000e+00	-3.303813e-03
2.412256811117788e-08	5.000000e+00	0.000000e+00	-3.863162e-03
2.414664076310095e-08	5.000000e+00	0.000000e+00	-3.662764e-03
2.418570326310095e-08	5.000000e+00	0.000000e+00	-1.435262e-03
2.421994301155610e-08	5.000000e+00	0.000000e+00	1.876878e-03
2.425599368894928e-08	5.000000e+00	0.000000e+00	5.316539e-03
2.428431902773028e-08	5.000000e+00	0.000000e+00	6.355943e-03
2.431768296616563e-08	5.000000e+00	0.000000e+00	4.635912e-03
2.435220098479651e-08	5.000000e+00	0.000000e+00	7.075622e-04
2.438742475675290e-08	5.000000e+00	0.000000e+00	-1.132455e-03
2.442648725675290e-08	5.000000e+00	0.000000e+00	-1.392205e-03
2.446554975675290e-08	5.000000e+00	0.000000e+00	-1.173039e-03
2.450461225675290e-08	5.000000e+00	0.000000e+00	-8.821937e-04
2.454367475675290e-08	5.000000e+00	0.000000e+00	-6.615542e-04
2.458273725675290e-08	5.000000e+00	0.000000e+00	-4.815659e-04
2.462179975675290e-08	5.000000e+00	0.000000e+00	-3.655820e-04
2.466086225675290e-08	5.000000e+00	0.000000e+00	-2.652016e-04
2.469992475675290e-08	5.000000e+00	0.000000e+00	-2.059862e-04
2.473898725675290e-08	5.000000e+00	0.000000e+00	-1.470330e-04
2.477804975675290e-08	5.000000e+00	0.000000e+00	-1.175603e-04
2.481711225675290e-08	5.000000e+00	0.000000e+00	-8.106651e-05
2.485617475675290e-08	5.000000e+00	0.000000e+00	-6.786233e-05
2.489523725675290e-08	5.000000e+00	0.000000e+00	-4.401841e-05
2.493429975675290e-08	5.000000e+00	0.000000e+00	-3.981826e-05
2.497336225675290e-08	5.000000e+00	0.000000e+00	-2.319983e-05
2.501242475675290e-08	5.000000e+00	0.000000e+00	-2.396871e-05
2.505148725675290e-08	5.000000e+00	0.000000e+00	-1.152453e-05
2.509054975675290e-08	5.000000e+00	0.000000e+00	-1.478685e-05
2.512961225675290e-08	5.000000e+00	0.000000e+00	-4.729646e-06
2.516867475675290e-08	5.000000e+00	0.000000e+00	-9.670354e-06
2.520773725675290e-08	5.000000e+00	0.000000e+00	-1.168266e-06
2.524679975675290e-08	5.000000e+00	0.000000e+00	-6.811255e-06
2.528586225675290e-08	5.000000e+00	0.000000e+00	7.685383e-07
2.532492475675290e-08	5.000000e+00	0.000000e+00	-5.144062e-06
2.536398725675290e-08	5.000000e+00	0.000000e+00	1.817177e-06
2.540304975675290e-08	5.000000e+00	0.000000e+00	-4.145425e-06
2.544211225675289e-08	5.000000e+00	0.000000e+00	2.368877e-06
2.548117475675289e-08	5.000000e+00	0.000000e+00	-3.541959e-06
2.552023725675289e-08	5.000000e+00	0.000000e+00	2.637518e-06
2.555929975675289e-08	5.000000e+00	0.000000e+00	-3.164946e-06
2.559836225675289e-08	5.000000e+00	0.000000e+00	2.745937e-06
2.563742475675289e-08	5.000000e+00	0.000000e+00	-2.919480e-06
2.567648725675289e-08	5.000000e+00	0.000000e+00	2.766064e-06
2.571554975675289e-08	5.000000e+00	0.000000e+00	-2.741777e-06
2.575461225675289e-08	5.000000e+00	0.000000e+00	2.744012e-06
2.579367475675289e-08	5.000000e+00	0.000000e+00	-2.606783e-06
2.583273725675289e-08	5.000000e+00	0.000000e+00	2.694666e-06
2.587179975675289e-08	5.000000e+00	0.000000e+00	-2.499174e-06
2.591086225675289e-08	5.000000e+00	0.000000e+00	2.631456e-06
2.594992475675289e-08	5.000000e+00	0.000000e+00	-2.406793e-06
2.598898725675289e-08	5.000000e+00	0.000000e+00	2.562271e-06
2.602804975675289e-08	5.000000e+00	0.000000e+00	-2.324099e-06
2.606711225675289e-08	5.000000e+00	0.000000e+00	2.458060e-06
2.610617475675289e-08	5.000000e+00	0.000000e+00	-2.322712e-06
2.614523725675289e-08	5.000000e+00	0.000000e+00	2.332506e-06
2.618429975675289e-08	5.000000e+00	0.000000e+00	-2.269496e-06
2.622336225675289e-08	5.000000e+00	0.000000e+00	2.256846e-06
2.626242475675289e-08	5.000000e+00	0.000000e+00	-2.202773e-06
2.630148725675289e-08	5.000000e+00	0.000000e+00	2.188870e-06
2.634054975675289e-08	5.000000e+00	0.000000e+00	-2.136807e-06
2.637961225675289e-08	5.000000e+00	0.000000e+00	2.152282e-06
2.641867475675289e-08	5.000000e+00	0.000000e+00	-2.007218e-06
2.645773725675289e-08	5.000000e+00	0.000000e+00	2.138684e-06
2.649679975675288e-08	5.000000e+00	0.000000e+00	-1.928567e-06
2.653586225675288e-08	5.000000e+00	0.000000e+00	2.083175e-06
2.657492475675288e-08	5.000000e+00	0.000000e+00	-1.868307e-06
2.661398725675288e-08	5.000000e+00	0.000000e+00	2.024244e-06
2.665304975675288e-08	5.000000e+00	0.000000e+00	-1.812349e-06
2.669211225675288e-08	5.000000e+00	0.000000e+00	1.966474e-06
2.673117475675288e-08	5.000000e+00	0.000000e+00	-1.758855e-06
2.677023725675288e-08	5.000000e+00	0.000000e+00	1.910441e-06
2.680929975675288e-08	5.000000e+00	0.000000e+00	-1.707439e-06
2.684836225675288e-08	5.000000e+00	0.000000e+00	1.856228e-06
2.688742475675288e-08	5.000000e+00	0.000000e+00	-1.657926e-06
2.692648725675288e-08	5.000000e+00	0.000000e+00	1.803826e-06
2.696554975675288e-08	5.000000e+00	0.000000e+00	-1.610197e-06
2.700461225675288e-08	5.000000e+00	0.000000e+00	1.753198e-06
2.704367475675288e-08	5.000000e+00	0.000000e+00	-1.564156e-06
2.708273725675288e-08	5.000000e+00	0.000000e+00	1.704294e-06
2.712179975675288e-08	5.000000e+00	0.000000e+00	-1.519725e-06
2.716086225675288e-08	5.000000e+00	0.000000e+00	1.657057e-06
2.719992475675288e-08	5.000000e+00	0.000000e+00	-1.476832e-06
2.723898725675288e-08	5.000000e+00	0.000000e+00	1.611428e-06
2.727804975675288e-08	5.000000e+00	0.000000e+00	-1.435413e-06
2.731711225675288e-08	5.000000e+00	0.000000e+00	1.567349e-06
2.735617475675288e-08	5.000000e+00	0.000000e+00	-1.395409e-06
2.739523725675288e-08	5.000000e+00	0.000000e+00	1.524762e-06
2.743429975675288e-08	5.000000e+00	0.000000e+00	-1.356765e-06
2.747336225675288e-08	5.000000e+00	0.000000e+00	1.483611e-06
2.751242475675287e-08	5.000000e+00	0.000000e+00	-1.319426e-06
2.755148725675287e-08	5.000000e+00	0.000000e+00	1.443841e-06
2.759054975675287e-08	5.000000e+00	0.000000e+00	-1.283342e-06
2.762961225675287e-08	5.000000e+00	0.000000e+00	1.405400e-06
2.766867475675287e-08	5.000000e+00	0.000000e+00	-1.248465e-06
2.770773725675287e-08	5.000000e+00	0.000000e+00	1.368237e-06
2.774679975675287e-08	5.000000e+00	0.000000e+00	-1.214750e-06
2.778586225675287e-08	5.000000e+00	0.000000e+00	1.332304e-06
2.782492475675287e-08	5.000000e+00	0.000000e+00	-1.182151e-06
2.786398725675287e-08	5.000000e+00	0.000000e+00	1.297554e-06
2.790304975675287e-08	5.000000e+00	0.000000e+00	-1.150626e-06
2.794211225675287e-08	5.000000e+00	0.000000e+00	1.263943e-06
2.798117475675287e-08	5.000000e+00	0.000000e+00	-1.120134e-06
2.802023725675287e-08	5.000000e+00	0.000000e+00	1.231428e-06
2.805929975675287e-08	5.000000e+00	0.000000e+00	-1.090638e-06
2.809836225675287e-08	5.000000e+00	0.000000e+00	1.199967e-06
2.813742475675287e-08	5.000000e+00	0.000000e+00	-1.062098e-06
2.817648725675287e-08	5.000000e+00	0.000000e+00	1.169521e-06
2.821554975675287e-08	5.000000e+00	0.000000e+00	-1.034480e-06
2.825461225675287e-08	5.000000e+00	0.000000e+00	1.140052e-06
2.829367475675287e-08	5.000000e+00	0.000000e+00	-1.007749e-06
2.833273725675287e-08	5.000000e+00	0.000000e+00	1.111524e-06
2.837179975675287e-08	5.000000e+00	0.000000e+00	-9.818721e-07
2.841086225675287e-08	5.000000e+00	0.000000e+00	1.083902e-06
2.844992475675287e-08	5.000000e+00	0.000000e+00	-9.568172e-07
2.848898725675287e-08	5.000000e+00	0.000000e+00	1.057152e-06
2.852804975675287e-08	5.000000e+00	0.000000e+00	-9.325541e-07
2.856711225675286e-08	5.000000e+00	0.000000e+00	1.031243e-06
2.860617475675286e-08	5.000000e+00	0.000000e+00	-9.090537e-07
2.864523725675286e-08	5.000000e+00	0.000000e+00	1.006143e-06
2.868429975675286e-08	5.000000e+00	0.000000e+00	-8.862878e-07
2.872336225675286e-08	5.000000e+00	0.000000e+00	9.818226e-07
2.876242475675286e-08	5.000000e+00	0.000000e+00	-8.642298e-07
2.880148725675286e-08	5.000000e+00	0.000000e+00	9.582536e-07
2.884054975675286e-08	5.000000e+00	0.000000e+00	-8.428537e-07
2.887961225675286e-08	5.000000e+00	0.000000e+00	9.354088e-07
2.891867475675286e-08	5.000000e+00	0.000000e+00	-8.221347e-07
2.895773725675286e-08	5.000000e+00	0.000000e+00	9.132617e-07
2.899679975675286e-08	5.000000e+00	0.000000e+00	-8.020492e-07
2.903586225675286e-08	5.000000e+00	0.000000e+00	8.917873e-07
2.907492475675286e-08	5.000000e+00	0.000000e+00	-7.825741e-07
2.910000000000000e-08	5.000000e+00	0.000000e+00	8.704617e-07
2.910250752432472e-08	4.874624e+00	0.000000e+00	-5.136940e-05
2.910752257297414e-08	4.623871e+00	0.000000e+00	-1.490874e-04
2.911755267027300e-08	4.122366e+00	0.000000e+00	-2.745484e-04
2.913233164452586e-08	3.383418e+00	0.000000e+00	-9.706076e-05
2.914924255081779e-08	2.537873e+00	0.000000e+00	6.682671e-04
2.916971494676437e-08	1.514253e+00	0.000000e+00	2.076485e-03
2.920000000000000e-08	0.000000e+00	0.000000e+00	4.862978e-03
2.920060807075733e-08	0.000000e+00	0.000000e+00	4.934031e-03
2.920182421227198e-08	0.000000e+00	0.000000e+00	5.079096e-03
2.920425649530128e-08	0.000000e+00	0.000000e+00	5.346123e-03
2.920912106135987e-08	0.000000e+00	0.000000e+00	5.750127e-03
2.921885019347707e-08	0.000000e+00	0.000000e+00	6.142082e-03
2.923830845771145e-08	0.000000e+00	0.000000e+00	5.652377e-03
2.926556403671555e-08	0.000000e+00	0.000000e+00	3.583723e-03
2.929508174956097e-08	0.000000e+00	0.000000e+00	1.160430e-04
2.933414424956097e-08	0.000000e+00	0.000000e+00	-4.251596e-03
2.937299514582607e-08	0.000000e+00	0.000000e+00	-6.122033e-03
2.941205764582607e-08	0.000000e+00	0.000000e+00	-5.659726e-03
2.944400010446979e-08	0.000000e+00	0.000000e+00	-3.673668e-03
2.947792350744396e-08	0.000000e+00	0.000000e+00	-1.448593e-03
2.950809794506441e-08	0.000000e+00	0.000000e+00	-1.246630e-04
2.954232924856522e-08	0.000000e+00	0.000000e+00	6.532883e-04
2.958139174856522e-08	0.000000e+00	0.000000e+00	9.506809e-04
2.962045424856522e-08	0.000000e+00	0.000000e+00	9.396558e-04
2.965951674856522e-08	0.000000e+00	0.000000e+00	8.048854e-04
2.969857924856521e-08	0.000000e+00	0.000000e+00	6.529629e-04
2.973764174856521e-08	0.000000e+00	0.000000e+00	5.086327e-04
2.977670424856521e-08	0.000000e+00	0.000000e+00	3.943051e-04
2.981576674856521e-08	0.000000e+00	0.000000e+00	2.986837e-04
2.985482924856521e-08	0.000000e+00	0.000000e+00	2.293814e-04
2.989389174856521e-08	0.000000e+00	0.000000e+00	1.716614e-04
2.993295424856521e-08	0.000000e+00	0.000000e+00	1.321790e-04
2.997201674856521e-08	0.000000e+00	0.000000e+00	9.790840e-05
3.001107924856521e-08	0.000000e+00	0.000000e+00	7.610618e-05
3.005014174856521e-08	0.000000e+00	0.000000e+00	5.557701e-05
3.008920424856521e-08	0.000000e+00	0.000000e+00	4.393964e-05
3.012826674856521e-08	0.000000e+00	0.000000e+00	3.137972e-05
3.016732924856521e-08	0.000000e+00	0.000000e+00	2.551267e-05
3.020639174856521e-08	0.000000e+00	0.000000e+00	1.757069e-05
3.024545424856521e-08	0.000000e+00	0.000000e+00	1.494992e-05
3.028451674856521e-08	0.000000e+00	0.000000e+00	9.702542e-06
3.032357924856521e-08	0.000000e+00	0.000000e+00	8.885197e-06
3.036264174856521e-08	0.000000e+00	0.000000e+00	5.228744e-06
3.040170424856521e-08	0.000000e+00	0.000000e+00	5.393802e-06
3.044076674856521e-08	0.000000e+00	0.000000e+00	2.694476e-06
3.047982924856521e-08	0.000000e+00	0.000000e+00	3.422060e-06
3.051889174856521e-08	0.000000e+00	0.000000e+00	1.329752e-06
3.055795424856521e-08	0.000000e+00	0.000000e+00	2.250569e-06
3.059701674856521e-08	0.000000e+00	0.000000e+00	5.210351e-07
3.063607924856521e-08	0.000000e+00	0.000000e+00	1.544128e-06
3.067514174856521e-08	0.000000e+00	0.000000e+00	7.254266e-08
3.071420424856520e-08	0.000000e+00	0.000000e+00	1.118613e-06
3.075326674856520e-08	0.000000e+00	0.000000e+00	-1.662970e-07
3.079232924856520e-08	0.000000e+00	0.000000e+00	8.610464e-07
3.083139174856520e-08	0.000000e+00	0.000000e+00	-2.884825e-07
3.087045424856520e-08	0.000000e+00	0.000000e+00	6.932120e-07
3.090951674856520e-08	0.000000e+00	0.000000e+00	-3.368140e-07
3.094857924856520e-08	0.000000e+00	0.000000e+00	5.854955e-07
3.098764174856520e-08	0.000000e+00	0.000000e+00	-3.485629e-07
3.102670424856520e-08	0.000000e+00	0.000000e+00	5.075584e-07
3.106576674856520e-08	0.000000e+00	0.000000e+00	-3.412155e-07
3.110482924856520e-08	0.000000e+00	0.000000e+00	4.474365e-07
3.114389174856520e-08	0.000000e+00	0.000000e+00	-3.241029e-07
3.118295424856520e-08	0.000000e+00	0.000000e+00	3.984925e-07
3.122201674856520e-08	0.000000e+00	0.000000e+00	-3.016084e-07
3.126107924856520e-08	0.000000e+00	0.000000e+00	3.568757e-07
3.130014174856520e-08	0.000000e+00	0.000000e+00	-2.765247e-07
3.133920424856520e-08	0.000000e+00	0.000000e+00	3.205394e-07
3.137826674856520e-08	0.000000e+00	0.000000e+00	-2.505339e-07
3.141732924856520e-08	0.000000e+00	0.000000e+00	2.876125e-07
3.145639174856520e-08	0.000000e+00	0.000000e+00	-2.249841e-07
3.149545424856520e-08	0.000000e+00	0.000000e+00	2.573785e-07
3.153451674856520e-08	0.000000e+00	0.000000e+00	-2.001939e-07
3.157357924856520e-08	0.000000e+00	0.000000e+00	2.294187e-07
3.161264174856520e-08	0.000000e+00	0.000000e+00	-1.764191e-07
3.165170424856520e-08	0.000000e+00	0.000000e+00	2.033654e-07
3.169076674856520e-08	0.000000e+00	0.000000e+00	-1.537986e-07
3.172982924856520e-08	0.000000e+00	0.000000e+00	1.789957e-07
3.176889174856519e-08	0.000000e+00	0.000000e+00	-1.323750e-07
3.180795424856519e-08	0.000000e+00	0.000000e+00	1.561542e-07
3.184701674856519e-08	0.000000e+00	0.000000e+00	-1.121446e-07
3.188607924856519e-08	0.000000e+00	0.000000e+00	1.347235e-07
3.192514174856519e-08	0.000000e+00	0.000000e+00	-9.307889e-08
3.196420424856519e-08	0.000000e+00	0.000000e+00	1.146090e-07
3.200000000000001e-08	0.000000e+00	2.273737e-13	-7.420320e-08
3.200357957514349e-08	0.000000e+00	1.789788e-01	8.554780e-08
3.201073872543045e-08	0.000000e+00	5.369363e-01	2.762271e-07
3.202505702600438e-08	0.000000e+00	1.252851e+00	2.198103e-07
3.204300098503820e-08	0.000000e+00	2.150049e+00	-2.264702e-07
3.206570167328321e-08	0.000000e+00	3.285084e+00	-8.419122e-07
3.208811329247397e-08	0.000000e+00	4.405664e+00	-1.372544e-06
3.210000000000000e-08	0.000000e+00	5.000000e+00	-1.706675e-06
3.210118867075260e-08	0.000000e+00	5.000000e+00	-1.737861e-06
3.210356601225781e-08	0.000000e+00	5.000000e+00	-1.869595e-06
3.210832069526823e-08	0.000000e+00	5.000000e+00	-3.065897e-06
3.211783006128906e-08	0.000000e+00	5.000000e+00	-5.203909e-06
3.213579629627559e-08	0.000000e+00	5.000000e+00	-3.984418e-06
3.216276551837643e-08	0.000000e+00	5.000000e+00	8.419292e-07
3.220182801837643e-08	0.000000e+00	5.000000e+00	4.387143e-06
3.223805997268370e-08	0.000000e+00	5.000000e+00	3.446027e-06
3.227712247268370e-08	0.000000e+00	5.000000e+00	1.953027e-06
3.231618497268370e-08	0.000000e+00	5.000000e+00	-3.436608e-06
3.235524747268370e-08	0.000000e+00	5.000000e+00	-1.118435e-05
3.239430997268370e-08	0.000000e+00	5.000000e+00	-1.946244e-05
3.243337247268370e-08	0.000000e+00	5.000000e+00	-3.831994e-05
3.247243497268370e-08	0.000000e+00	5.000000e+00	-3.943126e-05
3.250217754798448e-08	0.000000e+00	5.000000e+00	-9.604458e-06
3.252698784714853e-08	0.000000e+00	5.000000e+00	3.021284e-05
3.255558315525952e-08	0.000000e+00	5.000000e+00	6.240428e-05
3.258713334591451e-08	0.000000e+00	5.000000e+00	6.111603e-05
3.262000125077570e-08	0.000000e+00	5.000000e+00	3.880827e-05
3.265419878989517e-08	0.000000e+00	5.000000e+00	1.555190e-05
3.269326128989517e-08	0.000000e+00	5.000000e+00	-9.024890e-07
3.273232378989517e-08	0.000000e+00	5.000000e+00	-7.968049e-06
3.277138628989517e-08	0.000000e+00	5.000000e+00	-9.447809e-06
3.281044878989517e-08	0.000000e+00	5.000000e+00	-8.625256e-06
3.284951128989517e-08	0.000000e+00	5.000000e+00	-7.079830e-06
3.288857378989517e-08	0.000000e+00	5.000000e+00	-5.567374e-06
3.292763628989517e-08	0.000000e+00	5.000000e+00	-4.253314e-06
3.296669878989517e-08	0.000000e+00	5.000000e+00	-3.234726e-06
3.300576128989517e-08	0.000000e+00	5.000000e+00	-2.423100e-06
3.304482378989517e-08	0.000000e+00	5.000000e+00	-1.831811e-06
3.308388628989517e-08	0.000000e+00	5.000000e+00	-1.360967e-06
3.312294878989517e-08	0.000000e+00	5.000000e+00	-1.031459e-06
3.316201128989517e-08	0.000000e+00	5.000000e+00	-7.600075e-07
3.320107378989517e-08	0.000000e+00	5.000000e+00	-5.800523e-07
3.324013628989517e-08	0.000000e+00	5.000000e+00	-4.216533e-07
3.327919878989517e-08	0.000000e+00	5.000000e+00	-3.257934e-07
3.331826128989517e-08	0.000000e+00	5.000000e+00	-2.311928e-07
3.335732378989517e-08	0.000000e+00	5.000000e+00	-1.825029e-07
3.339638628989517e-08	0.000000e+00	5.000000e+00	-1.239031e-07
3.343544878989517e-08	0.000000e+00	5.000000e+00	-1.016224e-07
3.347451128989517e-08	0.000000e+00	5.000000e+00	-6.345851e-08
3.351357378989517e-08	0.000000e+00	5.000000e+00	-5.589228e-08
3.355263628989517e-08	0.000000e+00	5.000000e+00	-2.940474e-08
3.359169878989517e-08	0.000000e+00	5.000000e+00	-2.998378e-08
3.363076128989517e-08	0.000000e+00	5.000000e+00	-1.023433e-08
3.366982378989516e-08	0.000000e+00	5.000000e+00	-1.526581e-08
3.370888628989516e-08	0.000000e+00	5.000000e+00	5.233713e-10
3.374794878989516e-08	0.000000e+00	5.000000e+00	-6.863462e-09
3.378701128989516e-08	0.000000e+00	5.000000e+00	6.466331e-09
3.382607378989516e-08	0.000000e+00	5.000000e+00	-1.986675e-09
3.386513628989516e-08	0.000000e+00	5.000000e+00	9.801893e-09
3.390419878989516e-08	0.000000e+00	5.000000e+00	8.013342e-10
3.394326128989516e-08	0.000000e+00	5.000000e+00	1.164413e-08
3.398232378989516e-08	0.000000e+00	5.000000e+00	2.419886e-09
3.400000000000000e-08	0.000000e+00	5.000000e+00	1.230090e-08
3.400060807075733e-08	3.040354e-02	5.000000e+00	8.490383e-06
3.400182421227199e-08	9.121061e-02	5.000000e+00	3.261043e-05
3.400425649530130e-08	2.128248e-01	5.000000e+00	8.523326e-05
3.400912106135992e-08	4.560531e-01	5.000000e+00	1.627390e-04
3.401885019347716e-08	9.425097e-01	5.000000e+00	2.540685e-04
3.403549847252926e-08	1.774924e+00	5.000000e+00	1.184403e-04
3.405884982290819e-08	2.942491e+00	5.000000e+00	-4.541794e-04
3.408260413284575e-08	4.130207e+00	5.000000e+00	-1.308447e-03
3.410000000000000e-08	5.000000e+00	5.000000e+00	-2.639399e-03
3.410173958671543e-08	5.000000e+00	5.000000e+00	-2.877593e-03
3.410521876014628e-08	5.000000e+00	5.000000e+00	-3.397793e-03
3.411217710700798e-08	5.000000e+00	5.000000e+00	-4.623713e-03
3.412609380073138e-08	5.000000e+00	5.000000e+00	-7.725958e-03
3.415113798701159e-08	5.000000e+00	5.000000e+00	-1.490698e-02
3.419020048701159e-08	5.000000e+00	5.000000e+00	-2.593116e-02
3.422371611152486e-08	5.000000e+00	5.000000e+00	-2.612711e-02
3.425904272491864e-08	5.000000e+00	5.000000e+00	1.437446e-02
3.428637925836119e-08	5.000000e+00	5.000000e+00	9.333306e-02
3.431891913600694e-08	5.000000e+00	5.000000e+00	2.846004e-01
3.435462386063804e-08	5.000000e+00	5.000000e+00	6.913406e-01
3.438939507965194e-08	5.000000e+00	5.000000e+00	1.388679e+00
3.442845757965194e-08	5.000000e+00	5.000000e+00	2.496886e+00
3.446752007965194e-08	5.000000e+00	5.000000e+00	3.634391e+00
3.449949525611539e-08	5.000000e+00	5.000000e+00	4.300297e+00
3.453380852932936e-08	5.000000e+00	5.000000e+00	4.676528e+00
3.456578435175399e-08	5.000000e+00	5.000000e+00	4.818428e+00
3.459048624288890e-08	5.000000e+00	5.000000e+00	4.870962e+00
3.461962529769915e-08	5.000000e+00	5.000000e+00	4.917874e+00
3.464805014449725e-08	5.000000e+00	5.000000e+00	4.950006e+00
3.468156735032647e-08	5.000000e+00	5.000000e+00	4.973336e+00
3.471594073774518e-08	5.000000e+00	5.000000e+00	4.985801e+00
3.475500323774518e-08	5.000000e+00	5.000000e+00	4.992817e+00
3.479406573774518e-08	5.000000e+00	5.000000e+00	4.995899e+00
3.483312823774518e-08	5.000000e+00	5.000000e+00	4.997576e+00
3.487219073774518e-08	5.000000e+00	5.000000e+00	4.998348e+00
3.491125323774518e-08	5.000000e+00	5.000000e+00	4.998968e+00
3.495031573774518e-08	5.000000e+00	5.000000e+00	4.999212e+00
3.498937823774518e-08	5.000000e+00	5.000000e+00	4.999530e+00
3.502844073774518e-08	5.000000e+00	5.000000e+00	4.999596e+00
3.506750323774518e-08	5.000000e+00	5.000000e+00	4.999793e+00
3.510656573774518e-08	5.000000e+00	5.000000e+00	4.999781e+00
3.514562823774518e-08	5.000000e+00	5.000000e+00	4.999919e+00
3.518469073774518e-08	5.000000e+00	5.000000e+00	4.999869e+00
3.522375323774518e-08	5.000000e+00	5.000000e+00	4.999978e+00
3.526281573774518e-08	5.000000e+00	5.000000e+00	4.999915e+00
3.530187823774518e-08	5.000000e+00	5.000000e+00	5.000008e+00
3.534094073774518e-08	5.000000e+00	5.000000e+00	4.999939e+00
3.538000323774518e-08	5.000000e+00	5.000000e+00	5.000023e+00
3.541906573774517e-08	5.000000e+00	5.000000e+00	4.999951e+00
3.545812823774517e-08	5.000000e+00	5.000000e+00	5.000030e+00
3.549719073774517e-08	5.000000e+00	5.000000e+00	4.999957e+00
3.553625323774517e-08	5.000000e+00	5.000000e+00	5.000032e+00
3.557531573774517e-08	5.000000e+00	5.000000e+00	4.999961e+00
3.561437823774517e-08	5.000000e+00	5.000000e+00	5.000032e+00
3.565344073774517e-08	5.000000e+00	5.000000e+00	4.999963e+00
3.569250323774517e-08	5.000000e+00	5.000000e+00	5.000032e+00
3.573156573774517e-08	5.000000e+00	5.000000e+00	4.999965e+00
3.577062823774517e-08	5.000000e+00	5.000000e+00	5.000031e+00
3.580969073774517e-08	5.000000e+00	5.000000e+00	4.999966e+00
3.584875323774517e-08	5.000000e+00	5.000000e+00	5.000030e+00
3.588781573774517e-08	5.000000e+00	5.000000e+00	4.999967e+00
3.592687823774517e-08	5.000000e+00	5.000000e+00	5.000029e+00
3.596594073774517e-08	5.000000e+00	5.000000e+00	4.999969e+00
3.600500323774517e-08	5.000000e+00	5.000000e+00	5.000028e+00
3.604406573774517e-08	5.000000e+00	5.000000e+00	4.999969e+00
3.608312823774517e-08	5.000000e+00	5.000000e+00	5.000027e+00
3.612219073774517e-08	5.000000e+00	5.000000e+00	4.999971e+00
3.616125323774517e-08	5.000000e+00	5.000000e+00	5.000026e+00
3.620031573774517e-08	5.000000e+00	5.000000e+00	4.999972e+00
3.623937823774517e-08	5.000000e+00	5.000000e+00	5.000025e+00
3.627844073774517e-08	5.000000e+00	5.000000e+00	4.999973e+00
3.631750323774517e-08	5.000000e+00	5.000000e+00	5.000024e+00
3.635656573774517e-08	5.000000e+00	5.000000e+00	4.999974e+00
3.639562823774517e-08	5.000000e+00	5.000000e+00	5.000023e+00
3.643469073774517e-08	5.000000e+00	5.000000e+00	4.999975e+00
3.647375323774516e-08	5.000000e+00	5.000000e+00	5.000022e+00
3.651281573774516e-08	5.000000e+00	5.000000e+00	4.999976e+00
3.655187823774516e-08	5.000000e+00	5.000000e+00	5.000021e+00
3.659094073774516e-08	5.000000e+00	5.000000e+00	4.999977e+00
3.663000323774516e-08	5.000000e+00	5.000000e+00	5.000021e+00
3.666906573774516e-08	5.000000e+00	5.000000e+00	4.999978e+00
3.670812823774516e-08	5.000000e+00	5.000000e+00	5.000020e+00
3.674719073774516e-08	5.000000e+00	5.000000e+00	4.999979e+00
3.678625323774516e-08	5.000000e+00	5.000000e+00	5.000019e+00
3.682531573774516e-08	5.000000e+00	5.000000e+00	4.999979e+00
3.686437823774516e-08	5.000000e+00	5.000000e+00	5.000019e+00
3.690344073774516e-08	5.000000e+00	5.000000e+00	4.999981e+00
3.694250323774516e-08	5.000000e+00	5.000000e+00	5.000019e+00
3.698156573774516e-08	5.000000e+00	5.000000e+00	4.999982e+00
3.702062823774516e-08	5.000000e+00	5.000000e+00	5.000018e+00
3.705969073774516e-08	5.000000e+00	5.000000e+00	4.999982e+00
3.709875323774516e-08	5.000000e+00	5.000000e+00	5.000017e+00
3.710000000000000e-08	5.000000e+00	5.000000e+00	4.999992e+00
3.710012467622549e-08	5.000000e+00	4.993766e+00	4.999992e+00
3.710037402867645e-08	5.000000e+00	4.981298e+00	4.999998e+00
3.710087273357839e-08	5.000000e+00	4.956363e+00	5.000001e+00
3.710187014338227e-08	5.000000e+00	4.906493e+00	4.999999e+00
3.710386496299001e-08	5.000000e+00	4.806752e+00	5.000000e+00
3.710785460220551e-08	5.000000e+00	4.607270e+00	4.999999e+00
3.711583388063650e-08	5.000000e+00	4.208306e+00	5.000000e+00
3.713021140322393e-08	5.000000e+00	3.489430e+00	4.999999e+00
3.714641959921668e-08	5.000000e+00	2.679020e+00	5.000001e+00
3.716411053621156e-08	5.000000e+00	1.794473e+00	5.000000e+00
3.718708442115135e-08	5.000000e+00	6.457790e-01	5.000003e+00
3.720000000000000e-08	5.000000e+00	0.000000e+00	5.000001e+00
3.720129155788487e-08	5.000000e+00	0.000000e+00	5.000002e+00
3.720387467365460e-08	5.000000e+00	0.000000e+00	5.000002e+00
3.720904090519406e-08	5.000000e+00	0.000000e+00	5.000002e+00
3.721937336827299e-08	5.000000e+00	0.000000e+00	5.000000e+00
3.724003829443084e-08	5.000000e+00	0.000000e+00	4.999998e+00
3.726021694610316e-08	5.000000e+00	0.000000e+00	4.999996e+00
3.728772080421756e-08	5.000000e+00	0.000000e+00	4.999997e+00
3.732084544109703e-08	5.000000e+00	0.000000e+00	4.999999e+00
3.735482444606823e-08	5.000000e+00	0.000000e+00	5.000001e+00
3.739388694606823e-08	5.000000e+00	0.000000e+00	5.000001e+00
3.743294944606822e-08	5.000000e+00	0.000000e+00	5.000001e+00
3.747201194606822e-08	5.000000e+00	0.000000e+00	5.000000e+00
3.751107444606822e-08	5.000000e+00	0.000000e+00	5.000000e+00
3.755013694606822e-08	5.000000e+00	0.000000e+00	5.000000e+00
3.758919944606822e-08	5.000000e+00	0.000000e+00	5.000000e+00
3.762826194606822e-08	5.000000e+00	0.000000e+00	5.000000e+00
3.766732444606822e-08	5.000000e+00	0.000000e+00	5.000000e+00
3.770638694606822e-08	5.000000e+00	0.000000e+00	5.000000e+00
3.774544944606822e-08	5.000000e+00	0.000000e+00	5.000000e+00
3.778451194606822e-08	5.000000e+00	0.000000e+00	5.000000e+00
3.782357444606822e-08	5.000000e+00	0.000000e+00	5.000000e+00
3.786263694606822e-08	5.000000e+00	0.000000e+00	5.000000e+00
3.790169944606822e-08	5.000000e+00	0.000000e+00	5.000000e+00
3.794076194606822e-08	5.000000e+00	0.000000e+00	5.000000e+00
3.797982444606822e-08	5.000000e+00	0.000000e+00	5.000000e+00
3.801888694606822e-08	5.000000e+00	0.000000e+00	5.000000e+00
3.805794944606822e-08	5.000000e+00	0.000000e+00	5.000000e+00
3.809701194606822e-08	5.000000e+00	0.000000e+00	5.000000e+00
3.813607444606822e-08	5.000000e+00	0.000000e+00	5.000000e+00
3.817513694606822e-08	5.000000e+00	0.000000e+00	5.000000e+00
3.821419944606822e-08	5.000000e+00	0.000000e+00	5.000000e+00
3.825326194606822e-08	5.000000e+00	0.000000e+00	5.000000e+00
3.829232444606822e-08	5.000000e+00	0.000000e+00	5.000000e+00
3.833138694606822e-08	5.000000e+00	0.000000e+00	5.000000e+00
3.837044944606822e-08	5.000000e+00	0.000000e+00	5.000000e+00
3.840951194606822e-08	5.000000e+00	0.000000e+00	5.000000e+00
3.844857444606822e-08	5.000000e+00	0.000000e+00	5.000000e+00
3.848763694606821e-08	5.000000e+00	0.000000e+00	5.000000e+00
3.852669944606821e-08	5.000000e+00	0.000000e+00	5.000000e+00
3.856576194606821e-08	5.000000e+00	0.000000e+00	5.000000e+00
3.860482444606821e-08	5.000000e+00	0.000000e+00	5.000000e+00
3.864388694606821e-08	5.000000e+00	0.000000e+00	5.000000e+00
3.868294944606821e-08	5.000000e+00	0.000000e+00	5.000000e+00
3.872201194606821e-08	5.000000e+00	0.000000e+00	5.000000e+00
3.876107444606821e-08	5.000000e+00	0.000000e+00	5.000000e+00
3.880013694606821e-08	5.000000e+00	0.000000e+00	5.000000e+00
3.883919944606821e-08	5.000000e+00	0.000000e+00	5.000000e+00
3.887826194606821e-08	5.000000e+00	0.000000e+00	5.000000e+00
3.891732444606821e-08	5.000000e+00	0.000000e+00	5.000000e+00
3.895638694606821e-08	5.000000e+00	0.000000e+00	5.000000e+00
3.899544944606821e-08	5.000000e+00	0.000000e+00	5.000000e+00
3.903451194606821e-08	5.000000e+00	0.000000e+00	5.000000e+00
3.907357444606821e-08	5.000000e+00	0.000000e+00	5.000000e+00
3.910000000000001e-08	5.000000e+00	0.000000e+00	5.000000e+00
3.910264255539319e-08	4.867872e+00	0.000000e+00	4.999957e+00
3.910792766617954e-08	4.603617e+00	0.000000e+00	4.999875e+00
3.911849788775226e-08	4.075106e+00	0.000000e+00	4.999783e+00
3.913331103488708e-08	3.334448e+00	0.000000e+00	4.999966e+00
3.914991196737853e-08	2.504402e+00	0.000000e+00	5.000603e+00
3.917195954498970e-08	1.402023e+00	0.000000e+00	5.001808e+00
3.920000000000001e-08	0.000000e+00	0.000000e+00	5.006074e+00
3.920060807075733e-08	0.000000e+00	0.000000e+00	5.006190e+00
3.920182421227198e-08	0.000000e+00	0.000000e+00	5.006413e+00
3.920425649530128e-08	0.000000e+00	0.000000e+00	5.006801e+00
3.920912106135987e-08	0.000000e+00	0.000000e+00	5.007309e+00
3.921885019347706e-08	0.000000e+00	0.000000e+00	5.007488e+00
3.923830845771145e-08	0.000000e+00	0.000000e+00	5.005516e+00
3.926554962575135e-08	0.000000e+00	0.000000e+00	5.000590e+00
3.929514307767715e-08	0.000000e+00	0.000000e+00	4.995817e+00
3.933420557767715e-08	0.000000e+00	0.000000e+00	4.992949e+00
3.937326807767715e-08	0.000000e+00	0.000000e+00	4.993725e+00
3.941233057767715e-08	0.000000e+00	0.000000e+00	4.996466e+00
3.944563161695442e-08	0.000000e+00	0.000000e+00	4.999390e+00
3.948018629404618e-08	0.000000e+00	0.000000e+00	5.000967e+00
3.951109446523903e-08	0.000000e+00	0.000000e+00	5.001492e+00
3.954579077981810e-08	0.000000e+00	0.000000e+00	5.001563e+00
3.958485327981810e-08	0.000000e+00	0.000000e+00	5.001314e+00
3.961759518190711e-08	0.000000e+00	0.000000e+00	5.001008e+00
3.965306029029242e-08	0.000000e+00	0.000000e+00	5.000726e+00
3.968667091405515e-08	0.000000e+00	0.000000e+00	5.000560e+00
3.972573341405515e-08	0.000000e+00	0.000000e+00	5.000423e+00
3.976479591405515e-08	0.000000e+00	0.000000e+00	5.000323e+00
3.980385841405515e-08	0.000000e+00	0.000000e+00	5.000237e+00
3.984292091405515e-08	0.000000e+00	0.000000e+00	5.000175e+00
3.988198341405515e-08	0.000000e+00	0.000000e+00	5.000123e+00
3.992104591405515e-08	0.000000e+00	0.000000e+00	5.000090e+00
3.996010841405515e-08	0.000000e+00	0.000000e+00	5.000062e+00
3.999917091405515e-08	0.000000e+00	0.000000e+00	5.000046e+00
4.000000000000000e-08	0.000000e+00	0.000000e+00	5.000043e+00
